! (1)	Source Number
! (2)      Source name. The full name consists of the HGBS_J prefix followed by the tabulated label derived from J2000 sexagesimal coordinates.
! (3)      Source right ascension (J2000)
! (4)      Source declination (J2000)
! (5)	Getsources detection significance at 70um for monochromatic single scales.
! (6-7)	Peak 70um intensity and its uncertainty in as estimated by getsources. [Jy/Beam]
! (8)	Contrast over the local background at 70um, defined as the ratio of the background-subtracted peak intensity to the local background intensity.
! (9)	Peak 70m intensity estimate in a uniform 36.3 arcsec beam. [Jy/Beam]
! (10-11)	Integrated 70um flux density and its uncertainty as estimated by getsources. [Jy]
! (12-13)	Major and minor FWHM diameters of the core at 70um as estimated by getsources. [arcsec]
! (14)	Position angle of the core major axis, east of north at 70um [degrees]
! (15)	Getsources detection significance at 160um for monochromatic single scales.
! (16-17)	Peak 160um intensity and its uncertainty in as estimated by getsources. [Jy/Beam]
! (18)	Contrast over the local background at 160um, defined as the ratio of the background-subtracted peak intensity to the local background intensity.
! (19)	Peak 160m intensity estimate in a uniform 36.3 arcsec beam. [Jy/Beam]
! (20-21)	Integrated 160um flux density and its uncertainty as estimated by getsources. [Jy]
! (22-23)	Major and minor FWHM diameters of the core at 160um as estimated by getsources. [arcsec]
! (24)	Position angle of the core major axis, east of north at 160um [degrees]
! (25)	Getsources detection significance at 250um for monochromatic single scales.
! (26-27)	Peak 250um intensity and its uncertainty in as estimated by getsources. [Jy/Beam]
! (28)	Contrast over the local background at 250um, defined as the ratio of the background-subtracted peak intensity to the local background intensity.
! (29)	Peak 250m intensity estimate in a uniform 36.3 arcsec beam. [Jy/Beam]
! (30-31)	Integrated 250um flux density and its uncertainty as estimated by getsources. [Jy]
! (32-33)	Major and minor FWHM diameters of the core at 250um as estimated by getsources. [arcsec]
! (34)	Position angle of the core major axis, east of north at 250um [degrees]
! (35)	Getsources detection significance at 350um for monochromatic single scales.
! (36-37)	Peak 350um intensity and its uncertainty in as estimated by getsources. [Jy/Beam]
! (38)	Contrast over the local background at 350um, defined as the ratio of the background-subtracted peak intensity to the local background intensity.
! (39)	Peak 350m intensity estimate in a uniform 36.3 arcsec beam. [Jy/Beam]
! (40-41)	Integrated 350um flux density and its uncertainty as estimated by getsources. [Jy]
! (42-43)	Major and minor FWHM diameters of the core at 350um as estimated by getsources. [arcsec]
! (44)	Position angle of the core major axis, east of north at 350um [degrees]
! (45)	Getsources detection significance at 500um for monochromatic single scales.
! (46-47)	Peak 500um intensity and its uncertainty in as estimated by getsources. [Jy/Beam]
! (48)	Contrast over the local background at 500um, defined as the ratio of the background-subtracted peak intensity to the local background intensity.
! (49-50)	Integrated 500um flux density and its uncertainty as estimated by getsources. [Jy]
! (51-52)	Major and minor FWHM diameters of the core at 500um as estimated by getsources. [arcsec]
! (53)	Position angle of the core major axis, east of north at 500um [degrees]
! (54)	Detection significance in the high-resolution column density image
! (55)	Peak H_2 column density as estimated by getsources in the high-resolution column density image [1e21 cm^-2]
! (56)	Contrast over the local background at in the high-resolution column density image , defined as the ratio of the background-subtracted peak column density to the local background intensity.
! (57)	Peak H_2 column density at a resolution of 36.3 arcsec equivalent beam. [1e21 cm^-2] 
! (58)	Local background H_2 column density as estimated by getsources in the high-resolution column density image [1e21 cm^-2]
! (59-60)	Major and minor FWHM diameters of the core in the high-resolution column density map as estimated by getsources. [arcsec]
! (61)	Position angle of the core major axis, east of north in the high-resolution column density map [degrees]
! (62)	CSAR Counterpart: whether the getsources core has a counterpart detected by the CSAR source-finding algorithm (Kirk et al, 2013):- 1: if the the CSAR counterpart is within an ellipse half the size of the 50% contour of the getsources core at 250um; 2: if the the CSAR counterpart is within the 50% contour of the getsources core at 250um; 3: if the getsources core is conincident with extended emission associated with a CSAR source.   
! (63)	Number of Herschel} bands in which the core is significant Sig_lambda > 5) and has a positive flux density, excluding the column density plane
! (64)	Core type: protostellar, robust prestellar, candidate prestellar, unbound starless, or other
!   (1)	      (2)             (3)    	    (4)    	(5)   	    (6)  	   (7)   	 (8)  	   (9)   	   (10)  	   (11)  	(12)	(13)	(14)	(15)   	    (16)  	   (17)   	 (18)  	   (19)   	   (20)  	   (21)  	(22)	(23)	(24)	 (25)  	    (26)  	   (27)   	 (28)  	   (29)   	   (30)  	   (31)  	(32)	(33)	(34)	(35)   	    (36)  	   (37)   	 (38)  	   (39)   	   (40)  	   (41)  	(42)	(43)	(44)	(45)   	    (46)  	   (47)   	 (48)  	   (49)   	   (50)  	   (51)  	(52)	(53)	(54)	    (55)	  (56)   (57) 	        (58)		 (59)  	(60)	(61)	(62)	(63)	(64)
     1	042934.8+261605	  04:29:34.86	+26:16:05.0	   2.4	-2.62e-02	  1.1e-02	  1.23	-1.65e-01	-4.59e-02	  1.9e-02	  42	  14	  45	   0.0	 1.37e-02	  1.8e-02	  0.07	 6.31e-02	 1.16e-01	  1.6e-01	  44	  30	 200	  12.8	 1.87e-01	  6.4e-02	  0.94	 2.94e-01	 4.22e-01	  1.4e-01	  36	  18	  41	  10.3	 2.09e-01	  8.1e-02	  0.74	 2.65e-01	 3.25e-01	  1.3e-01	  35	  24	  45	  10.4	 1.48e-01	  1.0e-01	  0.53	 1.97e-01	  1.3e-01	  42	  36	  41	      5.9	 5.60e-01	  0.23	 2.23e-01	 2.42e+00	  41	  18	  44	   0	   3	unbound starless
     2	042941.5+263258	  04:29:41.50	+26:32:58.7	  21.5	 3.17e-01	  1.6e-02	-34.21	 3.91e-01	 5.03e-01	  2.5e-02	   8	   8	 210	  14.6	 3.58e-01	  2.1e-02	-12.52	 4.24e-01	 4.04e-01	  2.4e-02	  13	  13	  56	  23.0	 3.62e-01	  6.4e-03	 -2.28	 3.78e-01	 2.19e-01	  3.9e-03	  18	  18	 210	  13.7	 2.30e-01	  1.0e-30	 -1.35	 2.48e-01	 2.10e-01	  9.1e-31	  24	  24	  79	   8.1	 5.34e-02	  2.2e-02	 -0.32	-7.82e-02	 -3.3e-02	  49	  36	 169	      8.1	 4.88e-01	  0.51	 1.34e-01	 9.56e-01	  20	  18	 199	   1	   4	protostellar
     3	043044.1+260125	  04:30:44.18	+26:01:25.6	  43.2	 5.86e-01	  1.6e-02	 63.98	 8.13e-01	 1.11e+00	  2.9e-02	   9	   8	  55	  37.0	 9.50e-01	  2.2e-02	139.06	 1.13e+00	 7.83e-01	  1.8e-02	  13	  13	 211	  47.7	 5.87e-01	  1.6e-02	 -3.74	 6.13e-01	 4.65e-01	  1.3e-02	  18	  18	 213	  24.8	 3.41e-01	  1.3e-03	 -1.97	 3.68e-01	 2.99e-01	  1.2e-03	  24	  24	 183	  13.1	 2.04e-01	  1.0e-30	 -1.18	 1.84e-01	  9.0e-31	  36	  36	 161	     12.9	 6.66e-01	  0.76	 1.92e-01	 8.74e-01	  20	  19	 157	   1	   5	protostellar
     4	043149.5+261835	  04:31:49.54	+26:18:35.4	   0.0	 1.16e-02	  5.5e-03	  1.15	 2.38e-01	 1.76e+00	  8.4e-01	 130	 124	 196	   0.0	 8.36e-02	  2.2e-02	  0.36	 6.51e-01	 3.36e+00	  9.0e-01	 112	 100	  80	   0.0	 1.31e-01	  1.6e-02	  0.32	 4.40e-01	 2.03e+00	  2.5e-01	  77	  56	 155	   5.5	 1.48e-01	  1.7e-02	  0.44	 2.87e-01	 1.22e+00	  1.4e-01	  91	  48	 163	   7.5	 1.49e-01	  3.3e-02	  0.48	 7.75e-01	  1.7e-01	 104	  57	 163	      7.1	 4.85e-01	  0.19	 3.92e-01	 2.53e+00	 100	  49	 159	   1	   2	unbound starless
     5	043220.2+271053	  04:32:20.28	+27:10:53.8	   0.0	 7.46e-04	  8.8e-04	 -0.49	 1.54e-02	 3.03e-01	  3.6e-01	 153	 113	 129	   0.0	 7.63e-02	  3.3e-02	  0.45	 6.19e-01	 6.86e+00	  2.9e+00	 146	 138	 177	   0.0	 2.17e-01	  7.4e-02	  0.59	 8.24e-01	 8.39e+00	  2.9e+00	 108	  97	 100	   7.2	 1.98e-01	  3.6e-02	  0.68	 4.23e-01	 3.05e+00	  5.5e-01	 123	  82	 110	   7.7	 2.25e-01	  5.3e-02	  0.98	 1.93e+00	  4.6e-01	  96	  89	  96	      7.1	 8.51e-01	  0.37	 7.45e-01	 2.33e+00	  98	  73	 136	   1	   2	unbound starless
     6	043222.7+270051	  04:32:22.75	+27:00:51.5	   1.3	-5.13e-03	  4.0e-03	  0.72	-1.05e-01	-1.83e-01	  1.4e-01	 234	  93	 119	   0.0	 9.89e-02	  3.0e-02	  0.50	 8.26e-01	 2.26e+01	  6.9e+00	 226	 192	 161	   8.1	 3.75e-01	  3.6e-02	  2.57	 1.47e+00	 2.56e+01	  2.4e+00	 135	 131	 125	   9.4	 3.80e-01	  5.0e-02	  2.03	 8.29e-01	 1.13e+01	  1.5e+00	 126	 108	 110	  12.3	 4.22e-01	  4.1e-02	  2.44	 6.29e+00	  6.1e-01	 127	 113	 119	     13.7	 1.77e+00	  0.88	 1.65e+00	 2.00e+00	 133	 102	 112	   1	   3	unbound starless
     7	043222.8+260524	  04:32:22.83	+26:05:24.6	   0.5	-1.13e-03	  2.5e-03	  0.25	-5.43e-03	 1.33e-02	 -2.9e-02	  93	   8	 134	   0.0	 9.97e-02	  2.5e-02	  0.51	 4.83e-01	 1.34e+00	  3.4e-01	  46	  33	  68	   6.3	 9.80e-02	  7.9e-02	  0.18	 2.02e-01	 3.16e-01	  2.6e-01	  56	  21	 166	   6.7	 3.03e-01	  2.9e-02	  0.67	 4.95e-01	 9.44e-01	  9.1e-02	  61	  32	 122	  10.9	 3.78e-01	  5.4e-02	  0.90	 8.60e-01	  1.2e-01	  65	  40	 105	     11.9	 1.22e+00	  0.38	 6.65e-01	 3.19e+00	  68	  23	 134	   1	   3	unbound starless
     8	043226.8+260628	  04:32:26.84	+26:06:28.1	   0.0	 2.26e-02	  1.0e-02	  1.03	 4.85e-01	-1.09e+00	 -4.8e-01	 200	 184	 153	   6.2	 1.40e-01	  2.9e-02	  0.67	 1.06e+00	 6.76e+00	  1.4e+00	 143	  71	  56	   8.9	 8.70e-02	  6.5e-02	  0.12	 2.41e-01	 1.45e+00	  1.1e+00	 168	  28	  87	  11.0	 4.23e-01	  4.5e-02	  0.76	 8.55e-01	 5.52e+00	  5.8e-01	 126	  54	  86	  17.7	 4.95e-01	  6.5e-02	  0.92	 3.72e+00	  4.9e-01	 129	  61	  91	     18.2	 1.98e+00	  0.59	 1.70e+00	 3.35e+00	 124	  58	  85	   1	   4	unbound starless
     9	043242.9+255231	  04:32:42.95	+25:52:31.2	  93.2	 1.48e+00	  1.7e-02	227.83	 1.75e+00	 2.05e+00	  2.4e-02	   8	   8	 198	  86.5	 2.21e+00	  2.6e-02	 45.10	 2.62e+00	 2.03e+00	  2.4e-02	  13	  13	 117	 109.8	 1.64e+00	  3.5e-02	 34.78	 1.71e+00	 1.36e+00	  2.9e-02	  18	  18	  54	  68.3	 1.31e+00	  5.5e-02	 16.67	 1.41e+00	 1.10e+00	  4.6e-02	  24	  24	 152	  55.1	 8.82e-01	  3.8e-02	  8.06	 7.13e-01	  3.0e-02	  36	  36	 180	     69.3	 4.66e+00	  2.34	 1.31e+00	 2.00e+00	  21	  18	 170	   1	   5	protostellar
    10	043257.5+260311	  04:32:57.55	+26:03:11.3	   0.0	 9.62e-03	  5.7e-04	  9.71	 1.69e-01	 1.22e+00	  7.3e-02	  74	  64	  42	   6.3	 1.41e-01	  2.5e-02	  0.54	 7.04e-01	 1.56e+00	  2.8e-01	  62	  29	 125	  14.1	 2.40e-01	  4.7e-02	  0.30	 5.09e-01	 1.03e+00	  2.0e-01	  66	  21	 131	  20.5	 4.81e-01	  5.7e-02	  0.50	 7.33e-01	 1.59e+00	  1.9e-01	  69	  26	 128	  26.2	 5.99e-01	  7.4e-02	  0.70	 1.34e+00	  1.6e-01	  70	  37	 128	     32.7	 1.96e+00	  0.33	 1.03e+00	 5.90e+00	  60	  22	 126	   1	   4	robust prestellar
    11	043259.7+260154	  04:32:59.79	+26:01:54.0	   1.8	-1.79e-02	  1.0e-02	  0.94	-2.03e-01	-8.21e-03	  4.6e-03	  56	  26	 212	   0.0	 7.05e-02	  2.6e-02	  0.21	 3.76e-01	 8.66e-01	  3.2e-01	  49	  38	 207	   7.9	 2.37e-01	  7.2e-02	  0.32	 5.24e-01	 7.96e-01	  2.4e-01	  45	  26	 204	  11.1	 3.50e-01	  9.4e-02	  0.36	 5.35e-01	 8.62e-01	  2.3e-01	  48	  30	 204	  14.2	 3.68e-01	  9.7e-02	  0.38	 5.68e-01	  1.5e-01	  47	  37	 182	     14.7	 1.21e+00	  0.21	 6.06e-01	 5.81e+00	  48	  23	 212	   3	   3	unbound starless
    12	043303.2+260150	  04:33:03.26	+26:01:50.7	   0.0	 3.85e-02	  1.3e-02	  1.08	 6.30e-01	 4.81e-01	  1.7e-01	  64	  55	 203	   7.7	 1.27e-01	  2.7e-02	  0.45	 6.11e-01	 1.09e+00	  2.3e-01	  51	  30	 119	  13.5	 3.74e-01	  5.6e-02	  0.57	 7.34e-01	 1.46e+00	  2.2e-01	  31	  28	 119	  15.4	 5.14e-01	  1.2e-01	  0.56	 7.38e-01	 1.31e+00	  3.0e-01	  38	  30	 112	  18.5	 4.57e-01	  1.1e-01	  0.47	 6.20e-01	  1.4e-01	  40	  36	 127	     21.8	 2.03e+00	  0.39	 1.01e+00	 5.16e+00	  35	  27	 114	   1	   4	unbound starless
    13	043307.9+255739	  04:33:07.91	+25:57:39.5	   0.0	 3.95e-03	  4.1e-03	  0.53	 7.10e-02	-4.64e-02	 -4.8e-02	  79	  68	  86	   0.0	 5.24e-03	  1.9e-02	  0.02	 3.77e-02	 3.30e-01	  1.2e+00	  79	  75	  53	   0.0	 9.89e-02	  3.0e-02	  0.18	 2.77e-01	 8.55e-01	  2.6e-01	  46	  44	  74	   6.8	 1.90e-01	  1.0e-01	  0.27	 2.06e-01	 2.44e-01	  1.3e-01	  24	  24	  98	   9.5	 1.83e-01	  1.2e-01	  0.25	 2.38e-01	  1.5e-01	  37	  36	  48	      7.1	 4.58e-01	  0.11	 1.15e-01	 4.22e+00	  18	  18	 107	   3	   2	robust prestellar
    14	043307.9+255848	  04:33:07.99	+25:58:48.5	   0.0	 9.65e-03	  6.0e-03	  0.88	 2.05e-01	 4.85e-01	  3.0e-01	 178	 170	  52	   0.0	 3.09e-02	  2.0e-02	  0.10	 2.56e-01	 8.84e+00	  5.7e+00	 194	 178	 189	   7.9	 2.18e-01	  3.0e-02	  0.36	 8.33e-01	 8.82e+00	  1.2e+00	 125	  95	 202	  11.2	 4.76e-01	  1.1e-01	  0.66	 1.03e+00	 1.06e+01	  2.5e+00	 119	  92	 195	  17.4	 5.11e-01	  6.9e-02	  0.64	 6.30e+00	  8.5e-01	 123	 109	 202	     16.9	 1.70e+00	  0.40	 1.51e+00	 4.22e+00	 101	  81	 187	   1	   3	robust prestellar
    15	043319.6+264620	  04:33:19.63	+26:46:20.9	   1.8	-2.02e-02	  1.1e-02	  0.88	-2.60e-01	-1.57e-01	  8.5e-02	  84	  28	 198	   0.0	 5.67e-02	  2.6e-02	  0.38	 4.01e-01	 7.03e-01	  3.3e-01	  80	  67	  39	   6.3	 1.45e-01	  3.9e-02	  1.02	 3.74e-01	 9.62e-01	  2.6e-01	  57	  31	 212	   6.6	 1.98e-01	  4.9e-02	  1.17	 3.19e-01	 8.12e-01	  2.0e-01	  54	  33	 217	   7.8	 1.52e-01	  3.4e-02	  0.84	 3.22e-01	  7.2e-02	  63	  36	  38	      8.3	 6.72e-01	  0.33	 3.62e-01	 2.06e+00	  52	  25	 210	   1	   3	unbound starless
    16	043323.2+261101	  04:33:23.23	+26:11:01.5	   0.0	 4.84e-04	  2.0e-03	  0.14	 1.03e-02	 5.07e-01	  2.1e+00	 197	 174	  44	   0.0	 1.16e-01	  2.9e-02	  0.31	 9.44e-01	 1.07e+01	  2.7e+00	 166	 130	 108	   9.7	 3.47e-01	  3.2e-02	  0.67	 1.32e+00	 1.43e+01	  1.3e+00	 124	  87	  74	  15.1	 6.11e-01	  6.2e-02	  0.67	 1.33e+00	 1.52e+01	  1.5e+00	 134	  97	  85	  24.1	 8.07e-01	  5.9e-02	  1.24	 1.01e+01	  7.4e-01	 125	 109	  78	     32.0	 3.19e+00	  0.64	 2.96e+00	 4.99e+00	 128	  98	  80	   1	   3	robust prestellar
    17	043324.7+261245	  04:33:24.77	+26:12:45.5	   2.3	-1.91e-02	  8.4e-03	  1.17	-3.34e-01	-1.57e-02	  6.9e-03	  80	  59	 168	   0.0	 3.07e-02	  2.2e-02	  0.10	 2.13e-01	 8.12e-01	  5.7e-01	  73	  66	  44	   6.1	 1.59e-01	  5.2e-02	  0.24	 4.97e-01	 1.81e+00	  5.9e-01	  58	  51	 123	   7.3	 2.58e-01	  8.8e-02	  0.30	 5.03e-01	 1.86e+00	  6.4e-01	  83	  51	 108	  10.1	 3.14e-01	  9.9e-02	  0.38	 6.24e-01	  2.0e-01	  52	  36	 118	     12.4	 1.50e+00	  0.32	 9.99e-01	 4.73e+00	  64	  34	 120	   3	   3	unbound starless
    18	043327.7+261514	  04:33:27.75	+26:15:14.7	   0.0	 1.07e-02	  6.4e-03	  0.89	 2.02e-01	-1.95e-02	 -1.2e-02	  88	  82	 157	   0.0	 6.37e-02	  2.2e-02	  0.20	 4.65e-01	 2.17e+00	  7.6e-01	  84	  77	  98	   0.0	 1.66e-01	  2.8e-02	  0.20	 5.35e-01	 2.17e+00	  3.7e-01	  86	  45	  81	   8.7	 1.71e-01	  5.9e-02	  0.17	 2.75e-01	 6.34e-01	  2.2e-01	  81	  28	  80	  13.2	 2.65e-01	  7.9e-02	  0.29	 6.35e-01	  1.9e-01	  70	  38	  77	     15.2	 9.48e-01	  0.17	 5.60e-01	 5.48e+00	  69	  26	  77	   1	   2	unbound starless
    19	043334.2+253607	  04:33:34.28	+25:36:07.9	   1.9	-1.28e-03	  6.9e-04	  1.04	-1.05e-02	 4.59e-02	 -2.5e-02	  41	  19	  88	   0.0	 2.77e-02	  2.0e-02	  0.21	 1.57e-01	 3.23e-01	  2.3e-01	  53	  42	 213	   7.8	 2.26e-01	  2.5e-02	  4.35	 5.00e-01	 1.02e+00	  1.1e-01	  50	  25	 215	   8.5	 2.48e-01	  2.9e-02	  3.30	 3.82e-01	 7.46e-01	  8.7e-02	  52	  30	 210	   8.3	 2.25e-01	  3.8e-02	  2.95	 4.10e-01	  6.9e-02	  55	  36	 217	     10.6	 9.84e-01	  0.59	 5.25e-01	 1.67e+00	  48	  25	 216	   1	   3	unbound starless
    20	043339.7+253556	  04:33:39.70	+25:35:56.3	   2.6	-3.29e-02	  1.3e-02	  1.18	-5.79e-01	-2.16e-01	  8.2e-02	 151	  49	 118	   0.0	 9.15e-02	  2.2e-02	  0.54	 7.25e-01	 6.10e+00	  1.5e+00	 137	 105	 195	   6.5	 2.01e-01	  2.3e-02	  4.79	 7.42e-01	 5.47e+00	  6.3e-01	 101	  79	 201	   7.8	 2.63e-01	  2.9e-02	  3.59	 5.51e-01	 3.83e+00	  4.2e-01	 107	  73	 196	  11.1	 3.12e-01	  2.9e-02	  4.14	 2.42e+00	  2.2e-01	 109	  77	 193	     11.0	 1.08e+00	  0.68	 9.53e-01	 1.61e+00	  96	  75	 201	   1	   3	unbound starless
    21	043342.1+263430	  04:33:42.18	+26:34:30.7	   1.6	-1.01e-02	  6.4e-03	  0.83	-1.57e-01	-1.07e-02	  6.8e-03	  89	  40	 113	   0.0	 5.56e-02	  2.2e-02	  0.33	 4.05e-01	 1.17e+00	  4.6e-01	  84	  76	 209	   0.0	 9.63e-02	  1.5e-02	  0.31	 3.13e-01	 1.18e+00	  1.9e-01	  69	  52	 217	   5.5	 1.30e-01	  1.7e-02	  0.58	 2.41e-01	 7.49e-01	  9.7e-02	  66	  47	  38	   7.0	 1.14e-01	  1.6e-02	  0.44	 2.86e-01	  3.9e-02	  68	  41	 199	      6.2	 2.38e-01	  0.09	 1.71e-01	 2.60e+00	  92	  36	 190	   1	   2	unbound starless
    22	043343.8+264252	  04:33:43.81	+26:42:52.5	   0.0	 1.50e-02	  4.0e-03	  2.11	 2.52e-01	 4.04e-01	  1.1e-01	  68	  57	  68	   0.0	 3.67e-02	  2.1e-02	  0.39	 2.33e-01	 2.87e-01	  1.6e-01	  60	  53	 155	   7.2	 1.19e-01	  2.4e-02	  1.16	 2.64e-01	 4.77e-01	  9.5e-02	  49	  25	 116	   8.9	 1.76e-01	  2.6e-02	  1.24	 2.61e-01	 4.52e-01	  6.6e-02	  50	  28	 113	  10.1	 1.82e-01	  2.7e-02	  1.47	 2.66e-01	  3.9e-02	  49	  36	 119	     12.9	 9.80e-01	  0.53	 5.45e-01	 1.85e+00	  45	  28	 114	   1	   3	unbound starless
    23	043344.6+261104	  04:33:44.60	+26:11:04.1	   0.0	 5.95e-04	  3.2e-03	 -0.11	 6.77e-03	-8.10e-02	 -4.3e-01	  57	  26	  65	   0.0	 3.04e-03	  1.7e-02	  0.01	 2.16e-02	 6.22e-01	  3.4e+00	  80	  69	  56	   0.0	 9.39e-02	  3.3e-02	  0.16	 2.94e-01	 7.73e-01	  2.7e-01	  74	  44	 122	   5.8	 1.29e-01	  4.8e-02	  0.21	 2.25e-01	 5.18e-01	  1.9e-01	  60	  39	 130	   6.7	 1.40e-01	  5.5e-02	  0.23	 2.79e-01	  1.1e-01	  57	  41	 134	      8.7	 7.17e-01	  0.20	 5.07e-01	 3.61e+00	  60	  41	 144	   0	   2	unbound starless
    24	043351.8+264109	  04:33:51.88	+26:41:09.1	   2.8	-2.75e-02	  9.8e-03	  1.36	-4.98e-01	-3.40e-02	  1.2e-02	 113	  58	 186	   0.0	 8.97e-02	  2.9e-02	  0.59	 6.95e-01	 4.16e+00	  1.4e+00	 104	 101	  54	   6.7	 9.72e-02	  3.2e-02	  0.52	 3.42e-01	 1.58e+00	  5.2e-01	 107	  58	  48	   7.7	 1.56e-01	  4.5e-02	  0.76	 3.16e-01	 1.47e+00	  4.2e-01	  87	  63	 123	   9.5	 2.04e-01	  4.0e-02	  1.39	 7.15e-01	  1.4e-01	  71	  51	 100	      9.8	 6.27e-01	  0.29	 5.05e-01	 2.13e+00	  81	  53	 109	   1	   3	unbound starless
    25	043353.0+262707	  04:33:53.07	+26:27:07.1	   5.0	-1.79e-02	  3.6e-03	  2.68	-2.50e-01	 1.32e-04	 -2.6e-05	  68	  35	 112	   0.0	 7.50e-02	  2.3e-02	  0.22	 3.48e-01	 8.54e-01	  2.6e-01	  39	  34	 167	   7.0	 1.53e-01	  1.9e-02	  0.34	 4.15e-01	 1.05e+00	  1.3e-01	  46	  40	 125	   5.5	 1.93e-01	  3.9e-02	  0.34	 2.66e-01	 4.36e-01	  8.8e-02	  38	  28	 125	   7.0	 2.59e-01	  3.8e-02	  0.44	 3.80e-01	  5.6e-02	  43	  36	 137	      7.2	 7.63e-01	  0.21	 4.60e-01	 3.57e+00	  45	  33	 129	   3	   3	unbound starless
    26	043353.2+262556	  04:33:53.26	+26:25:56.6	   0.0	 2.69e-03	  3.3e-03	 -0.45	 5.61e-02	 2.50e+00	  3.0e+00	 165	 128	  42	   0.0	 8.97e-02	  2.6e-02	  0.25	 7.12e-01	 5.29e+00	  1.5e+00	 141	 104	 132	   6.8	 2.17e-01	  3.1e-02	  0.40	 7.65e-01	 4.63e+00	  6.5e-01	 102	  60	  95	   6.3	 3.11e-01	  4.9e-02	  0.60	 6.63e-01	 5.15e+00	  8.1e-01	 105	  86	 103	   9.2	 2.67e-01	  3.1e-02	  0.40	 2.04e+00	  2.3e-01	 109	  78	  96	      8.8	 1.13e+00	  0.33	 1.01e+00	 3.46e+00	 113	  76	  96	   3	   3	unbound starless
    27	043357.2+262745	  04:33:57.21	+26:27:45.3	   0.0	 2.85e-02	  1.4e-02	  0.81	 5.81e-01	 5.88e-01	  3.0e-01	 126	 115	  63	   0.0	 6.32e-02	  2.6e-02	  0.22	 4.86e-01	 2.62e+00	  1.1e+00	 109	  91	  92	   6.2	 1.91e-01	  1.8e-02	  0.44	 7.01e-01	 3.96e+00	  3.8e-01	 108	  72	 179	   6.5	 2.66e-01	  4.8e-02	  0.52	 5.56e-01	 3.35e+00	  6.1e-01	  92	  78	 159	   9.4	 2.82e-01	  4.6e-02	  0.48	 1.38e+00	  2.3e-01	 103	  63	 164	     11.8	 1.26e+00	  0.36	 1.09e+00	 3.55e+00	 101	  66	 158	   1	   3	unbound starless
    28	043401.0+260912	  04:34:01.04	+26:09:12.2	   0.0	 3.71e-03	  6.9e-04	  2.96	 5.03e-02	 2.51e-01	  4.7e-02	  56	  37	 185	   0.0	 3.47e-02	  2.1e-02	  0.16	 2.14e-01	 4.30e-01	  2.6e-01	  54	  53	  86	   6.2	 1.09e-01	  3.0e-02	  0.31	 2.55e-01	 4.86e-01	  1.3e-01	  42	  30	  69	   6.1	 1.24e-01	  3.3e-02	  0.27	 1.79e-01	 2.92e-01	  7.9e-02	  45	  28	  82	   5.9	 9.68e-02	  3.2e-02	  0.22	 1.55e-01	  5.1e-02	  52	  37	  68	      7.3	 4.26e-01	  0.14	 2.76e-01	 2.97e+00	  50	  37	  66	   1	   3	unbound starless
    29	043415.5+271347	  04:34:15.55	+27:13:47.0	   2.2	-2.02e-02	  9.2e-03	  1.11	-2.80e-01	 5.58e-03	 -2.5e-03	  88	  32	  67	   0.0	 1.34e-01	  3.8e-02	  0.78	 9.22e-01	 3.30e+00	  9.3e-01	  70	  64	 150	   0.0	 1.72e-01	  2.7e-02	  0.54	 5.31e-01	 1.92e+00	  3.0e-01	  62	  47	 172	   5.8	 1.96e-01	  4.4e-02	  1.43	 3.70e-01	 1.26e+00	  2.8e-01	  63	  51	 168	   8.0	 1.85e-01	  4.0e-02	  1.25	 6.32e-01	  1.4e-01	  67	  53	 162	      5.1	 4.77e-01	  0.24	 3.58e-01	 1.98e+00	  63	  48	 163	   1	   2	unbound starless
    30	043428.5+265754	  04:34:28.53	+26:57:54.5	   0.0	 1.63e-02	  3.3e-03	  2.79	 3.21e-01	 1.37e+00	  2.7e-01	 104	  94	 141	   0.0	 1.11e-01	  2.6e-02	  0.33	 8.00e-01	 3.16e+00	  7.4e-01	  86	  69	 212	   6.2	 1.84e-01	  7.7e-02	  0.39	 6.04e-01	 2.55e+00	  1.1e+00	  71	  53	 157	   7.2	 2.28e-01	  8.3e-02	  0.38	 4.47e-01	 1.85e+00	  6.7e-01	  79	  53	 155	   9.3	 2.08e-01	  9.8e-02	  0.33	 7.70e-01	  3.6e-01	  79	  51	 163	      6.4	 4.46e-01	  0.12	 3.42e-01	 3.87e+00	  84	  44	 176	   3	   3	unbound starless
    31	043430.2+270630	  04:34:30.22	+27:06:30.5	   1.6	-8.10e-03	  4.9e-03	  0.93	-8.12e-02	-2.16e-02	  1.3e-02	  96	  19	  69	   0.0	 1.22e-01	  2.6e-02	  0.87	 7.80e-01	 3.03e+00	  6.5e-01	  58	  57	  65	   6.3	 2.23e-01	  3.0e-02	  0.99	 6.88e-01	 2.57e+00	  3.4e-01	  55	  51	  63	   5.5	 2.58e-01	  4.0e-02	  0.86	 4.81e-01	 1.64e+00	  2.5e-01	  59	  51	 105	   8.6	 2.68e-01	  2.0e-02	  0.92	 8.96e-01	  6.8e-02	  59	  56	  97	      9.5	 1.30e+00	  0.56	 9.74e-01	 2.35e+00	  58	  50	  94	   3	   3	unbound starless
    32	043434.1+270529	  04:34:34.10	+27:05:29.7	   2.6	-3.32e-02	  1.3e-02	  1.13	-6.59e-01	 4.60e-03	 -1.8e-03	 166	  80	 196	   7.8	 1.05e-01	  3.1e-02	  0.72	 8.21e-01	 8.30e+00	  2.4e+00	 150	  92	 123	   8.9	 3.47e-01	  3.0e-02	  1.35	 1.18e+00	 6.72e+00	  5.8e-01	  69	  63	 179	   9.7	 3.94e-01	  3.2e-02	  1.19	 7.81e-01	 4.13e+00	  3.3e-01	  72	  61	 183	  13.0	 4.07e-01	  4.3e-02	  1.30	 2.48e+00	  2.6e-01	  79	  70	 203	     13.8	 1.95e+00	  0.75	 1.64e+00	 2.60e+00	  74	  68	  50	   1	   4	unbound starless
    33	043500.1+265902	  04:35:00.11	+26:59:02.9	   2.4	-2.49e-02	  1.0e-02	  1.07	-4.74e-01	-5.13e-01	  2.2e-01	 101	  77	 102	   0.0	 3.43e-02	  2.2e-02	  0.23	 2.67e-01	 1.87e+00	  1.2e+00	 108	 104	 151	   6.2	 1.41e-01	  5.8e-02	  0.57	 4.78e-01	 2.20e+00	  9.0e-01	  78	  57	  54	   6.3	 1.61e-01	  4.6e-02	  0.52	 3.08e-01	 1.17e+00	  3.4e-01	  76	  49	  53	   7.2	 1.51e-01	  5.5e-02	  0.49	 5.61e-01	  2.0e-01	  70	  53	  64	      6.3	 5.60e-01	  0.22	 4.36e-01	 2.53e+00	  71	  51	  61	   3	   3	unbound starless
    34	043507.4+251208	  04:35:07.44	+25:12:08.5	  31.5	 4.14e-01	  1.6e-02	  1.08	 9.88e-01	 1.38e+00	  5.5e-02	  18	   8	  50	  80.2	 1.91e+00	  3.7e-02	 14.59	 3.47e+00	 3.57e+00	  6.9e-02	  23	  13	  54	  77.2	 1.18e+00	  3.1e-02	 68.15	 1.51e+00	 1.59e+00	  4.2e-02	  24	  18	  54	  31.4	 5.49e-01	  3.0e-02	104.63	 6.27e-01	 5.84e-01	  3.2e-02	  27	  24	  51	  15.5	 2.58e-01	  2.3e-02	 -7.22	 2.73e-01	  2.5e-02	  40	  36	  39	      8.1	 5.45e-01	  0.46	 1.98e-01	 1.18e+00	  33	  18	  45	   1	   5	unknown
    35	043540.8+265625	  04:35:40.89	+26:56:25.6	   2.5	-2.79e-02	  1.1e-02	  1.20	-5.25e-01	-2.42e-01	  9.8e-02	 122	  66	 129	   0.0	 8.06e-02	  4.2e-02	  0.67	 6.21e-01	 2.27e+00	  1.2e+00	 104	  98	  45	   6.1	 1.61e-01	  4.3e-02	  1.27	 4.95e-01	 1.90e+00	  5.0e-01	  81	  40	 200	   6.1	 1.55e-01	  6.1e-02	  0.94	 3.01e-01	 1.26e+00	  4.9e-01	  94	  48	 204	   7.2	 1.69e-01	  6.1e-02	  1.14	 6.11e-01	  2.2e-01	  83	  47	 196	      6.3	 6.75e-01	  0.34	 5.13e-01	 1.98e+00	  81	  44	 189	   1	   3	unbound starless
    36	043624.6+270451	  04:36:24.61	+27:04:51.4	   1.5	-1.05e-02	  7.2e-03	  0.80	-1.91e-01	-4.76e-01	  3.3e-01	 121	  57	  39	   0.0	 5.71e-02	  1.5e-02	  1.53	 4.48e-01	 2.88e+00	  7.4e-01	 120	 102	 131	   6.2	 1.73e-01	  3.1e-02	-15.71	 5.75e-01	 2.76e+00	  4.9e-01	  74	  55	 180	   6.5	 1.38e-01	  3.0e-02	  2.65	 2.61e-01	 9.61e-01	  2.1e-01	  93	  44	 165	   7.0	 1.71e-01	  3.2e-02	 15.21	 7.54e-01	  1.4e-01	  83	  55	 172	      7.1	 7.60e-01	  0.50	 6.25e-01	 1.53e+00	  74	  61	 162	   1	   3	unbound starless
    37	043638.2+262956	  04:36:38.26	+26:29:56.3	   0.0	 2.52e-03	  2.4e-03	  0.57	 5.16e-02	-6.83e-01	 -6.5e-01	 143	 108	 111	   6.1	 9.56e-02	  2.8e-02	  4.07	 7.29e-01	 3.80e+00	  1.1e+00	 104	  88	  87	   8.1	 2.34e-01	  3.3e-02	  2.53	 7.91e-01	 4.32e+00	  6.1e-01	  72	  59	 194	   9.5	 2.71e-01	  2.4e-02	  1.88	 5.45e-01	 2.92e+00	  2.6e-01	  80	  62	 183	   9.7	 2.41e-01	  2.4e-02	  1.53	 1.26e+00	  1.2e-01	  77	  62	 178	      9.8	 9.73e-01	  0.43	 7.73e-01	 2.26e+00	  73	  53	 187	   1	   4	unbound starless
    38	043647.5+270957	  04:36:47.53	+27:09:57.5	   0.0	 5.64e-04	  1.1e-03	 -0.28	 8.55e-03	 5.21e-01	  1.1e+00	 110	  36	  81	   0.0	 6.58e-02	  2.1e-02	  0.48	 4.75e-01	 9.82e-01	  3.2e-01	  83	  73	 196	   7.7	 1.65e-01	  2.3e-02	  1.40	 4.63e-01	 1.39e+00	  1.9e-01	  52	  39	 164	   7.0	 1.77e-01	  2.7e-02	  1.47	 3.00e-01	 8.42e-01	  1.3e-01	  47	  41	 170	   7.1	 1.77e-01	  3.0e-02	  1.30	 4.87e-01	  8.4e-02	  61	  46	 150	      6.9	 6.13e-01	  0.32	 4.05e-01	 1.91e+00	  47	  40	 157	   1	   3	unbound starless
    39	043651.8+262110	  04:36:51.85	+26:21:10.9	   1.2	-1.10e-02	  9.2e-03	  0.61	-2.23e-01	-1.55e-01	  1.3e-01	 173	  95	  48	   0.0	 1.38e-01	  3.0e-02	  0.78	 1.06e+00	 9.23e+00	  2.0e+00	 148	  79	 162	   6.1	 2.06e-01	  4.9e-02	  1.30	 7.37e-01	 5.97e+00	  1.4e+00	  99	  65	 175	   6.7	 2.59e-01	  3.6e-02	  1.08	 5.22e-01	 3.67e+00	  5.1e-01	  97	  57	 169	   6.9	 2.32e-01	  2.5e-02	  0.85	 1.60e+00	  1.7e-01	 105	  58	 161	      8.5	 9.79e-01	  0.40	 7.92e-01	 2.47e+00	  88	  52	 152	   1	   3	unbound starless
    40	043712.8+263100	  04:37:12.84	+26:31:00.8	   1.9	-2.07e-02	  1.1e-02	  0.93	-4.35e-01	 1.32e-02	 -6.9e-03	 167	 141	  92	   0.0	 8.68e-02	  2.7e-02	  0.59	 7.11e-01	 1.31e+01	  4.2e+00	 179	 139	 197	   7.5	 1.74e-01	  3.4e-02	  0.48	 6.22e-01	 4.29e+00	  8.5e-01	 140	  59	 184	   8.4	 3.63e-01	  9.3e-02	  0.85	 7.54e-01	 5.62e+00	  1.4e+00	 104	  68	 210	  11.3	 3.92e-01	  9.6e-02	  0.92	 2.99e+00	  7.3e-01	 102	  71	 215	     15.6	 1.82e+00	  0.51	 1.51e+00	 3.55e+00	 100	  55	 171	   1	   3	candidate prestellar
    41	043717.6+262811	  04:37:17.63	+26:28:11.2	   2.8	-2.96e-02	  1.1e-02	  1.21	-6.17e-01	-6.79e-01	  2.5e-01	 186	 121	 188	   0.0	 2.65e-02	  2.7e-02	  0.22	 2.21e-01	 9.77e+00	  1.0e+01	 202	 199	  53	   6.1	 2.09e-01	  2.1e-02	  0.63	 8.07e-01	 9.47e+00	  9.5e-01	 125	 102	 183	   8.8	 2.12e-01	  3.9e-02	  0.34	 4.50e-01	 4.38e+00	  8.1e-01	 155	  72	 140	  13.1	 2.50e-01	  3.6e-02	  0.38	 2.62e+00	  3.7e-01	 158	  77	 142	     16.1	 1.95e+00	  0.55	 1.79e+00	 3.55e+00	 121	  92	 155	   1	   3	unbound starless
    42	043724.4+262115	  04:37:24.49	+26:21:15.1	   0.0	 1.86e-12	  2.4e-03	  0.00	 2.69e-11	 1.78e-11	  2.3e-02	  61	  40	 206	   0.0	 7.53e-02	  2.7e-02	  0.33	 3.27e-01	 6.10e-01	  2.2e-01	  40	  29	 152	   7.9	 2.08e-01	  2.3e-02	  0.44	 4.60e-01	 8.33e-01	  9.3e-02	  44	  26	 131	  12.1	 4.04e-01	  5.2e-02	  0.70	 6.43e-01	 1.15e+00	  1.5e-01	  47	  34	 128	  15.3	 3.70e-01	  6.5e-02	  0.51	 5.05e-01	  8.8e-02	  44	  36	 126	     17.9	 1.51e+00	  0.31	 5.82e-01	 4.87e+00	  36	  18	 124	   3	   3	candidate prestellar
    43	043727.9+262031	  04:37:27.95	+26:20:31.8	   0.0	 1.27e-02	  5.7e-03	  1.22	 2.61e-01	-1.33e-01	 -6.0e-02	 134	 124	 181	   0.0	 1.12e-01	  3.2e-02	  0.45	 8.56e-01	 4.47e+00	  1.3e+00	 101	  90	 167	  12.8	 3.83e-01	  2.3e-02	  0.77	 1.26e+00	 6.38e+00	  3.8e-01	  73	  53	 153	  18.8	 6.70e-01	  4.6e-02	  1.09	 1.34e+00	 7.09e+00	  4.9e-01	  71	  64	 147	  24.9	 6.90e-01	  6.8e-02	  0.89	 3.63e+00	  3.6e-01	  80	  64	 156	     34.3	 3.42e+00	  0.67	 2.70e+00	 5.09e+00	  80	  49	 142	   1	   3	robust prestellar
    44	043734.9+261826	  04:37:34.97	+26:18:26.7	   2.0	-1.40e-02	  7.0e-03	  1.04	-2.73e-01	-1.31e-02	  6.5e-03	 113	  85	 116	   0.0	 7.89e-02	  2.7e-02	  0.36	 6.15e-01	 4.76e+00	  1.6e+00	 111	 103	 170	   7.6	 2.29e-01	  2.1e-02	  0.46	 8.03e-01	 4.38e+00	  4.0e-01	  84	  65	 124	  12.0	 3.37e-01	  2.8e-02	  0.42	 6.86e-01	 3.83e+00	  3.2e-01	 104	  60	 129	  16.6	 5.06e-01	  3.6e-02	  0.75	 4.28e+00	  3.1e-01	 117	  74	 123	     21.9	 2.27e+00	  0.46	 1.84e+00	 4.95e+00	  74	  57	 137	   1	   3	candidate prestellar
    45	043739.9+251640	  04:37:39.93	+25:16:40.8	   0.0	 2.17e-03	  1.0e-30	 -8.99	 3.57e-02	 1.03e+00	  4.8e-28	  96	  45	 145	   0.0	 1.40e-03	  1.6e-02	  0.01	 1.06e-02	 5.99e-03	  7.0e-02	 109	  81	  46	   0.0	 1.33e-01	  1.6e-02	  0.26	 3.95e-01	 1.49e+00	  1.8e-01	  69	  39	 136	   5.6	 1.31e-01	  3.4e-02	  0.31	 2.27e-01	 6.49e-01	  1.7e-01	  68	  37	 134	   6.7	 1.26e-01	  2.1e-02	  0.29	 3.08e-01	  5.0e-02	  73	  37	 145	      7.7	 3.67e-01	  0.12	 2.37e-01	 3.10e+00	  76	  30	 159	   1	   2	unbound starless
    46	043747.1+261623	  04:37:47.12	+26:16:23.3	   0.0	 1.72e-04	  1.9e-03	  0.05	 8.59e-04	 2.39e-01	  2.6e+00	 152	   8	 155	   0.0	 3.82e-02	  2.6e-02	  0.21	 2.99e-01	 2.62e+00	  1.8e+00	 112	 106	 210	   0.0	 1.36e-01	  2.0e-02	  0.21	 4.51e-01	 1.81e+00	  2.7e-01	  73	  54	  88	   7.7	 1.90e-01	  2.9e-02	  0.28	 3.80e-01	 1.83e+00	  2.8e-01	  81	  61	 102	  10.3	 2.02e-01	  3.2e-02	  0.27	 1.00e+00	  1.6e-01	  82	  63	 113	      9.6	 6.21e-01	  0.13	 4.78e-01	 4.96e+00	  92	  43	 108	   1	   2	unbound starless
    47	043759.1+260921	  04:37:59.18	+26:09:21.1	   0.0	 1.81e-02	  1.1e-02	  0.81	 3.77e-01	 5.00e-01	  3.1e-01	 141	 133	 156	   7.4	 1.03e-01	  2.6e-02	  0.45	 7.42e-01	 4.55e+00	  1.1e+00	 123	  60	  88	  13.8	 4.54e-01	  3.9e-02	  0.72	 1.56e+00	 8.11e+00	  7.0e-01	 104	  53	  77	  19.3	 7.08e-01	  6.3e-02	  0.84	 1.41e+00	 6.91e+00	  6.2e-01	  99	  54	  78	  26.0	 7.28e-01	  6.9e-02	  0.80	 3.38e+00	  3.2e-01	  97	  53	  80	     31.8	 3.96e+00	  0.80	 3.15e+00	 4.93e+00	  89	  49	  73	   1	   4	candidate prestellar
    48	043800.9+255003	  04:38:00.98	+25:50:03.0	   0.0	 3.51e-02	  1.4e-02	  1.14	 6.19e-01	 1.26e-01	  4.9e-02	  74	  65	  57	   0.0	 9.28e-03	  1.5e-02	  0.17	 6.67e-02	 1.41e+00	  2.2e+00	  82	  72	  58	   6.1	 1.18e-01	  1.9e-02	  0.95	 2.91e-01	 6.67e-01	  1.1e-01	  55	  29	 117	   7.9	 1.37e-01	  2.5e-02	  0.89	 2.21e-01	 4.80e-01	  8.9e-02	  59	  31	 115	   7.2	 1.35e-01	  2.6e-02	  0.93	 2.66e-01	  5.1e-02	  58	  37	 124	      8.8	 6.67e-01	  0.34	 4.13e-01	 1.98e+00	  51	  33	 116	   3	   3	unbound starless
    49	043803.6+261011	  04:38:03.67	+26:10:11.2	   1.6	-1.07e-02	  6.5e-03	  0.89	-4.70e-02	 1.27e-02	 -7.7e-03	  58	   8	  79	   0.0	 6.38e-02	  2.3e-02	  0.22	 2.97e-01	 4.96e-01	  1.7e-01	  49	  29	  46	   9.2	 2.62e-01	  2.3e-02	  0.48	 6.15e-01	 1.05e+00	  9.4e-02	  61	  25	 188	  13.6	 4.34e-01	  3.5e-02	  0.59	 7.29e-01	 1.27e+00	  1.0e-01	  58	  35	 199	  15.1	 4.39e-01	  5.0e-02	  0.57	 7.79e-01	  8.9e-02	  57	  40	 197	     18.1	 2.21e+00	  0.50	 1.44e+00	 4.44e+00	  57	  34	 200	   3	   3	unbound starless
    50	043807.6+255458	  04:38:07.61	+25:54:58.5	   0.0	 6.27e-04	  7.4e-04	  0.47	 9.58e-03	-1.44e-01	 -1.7e-01	  60	  46	  87	   0.0	 6.37e-02	  2.2e-02	  0.28	 2.63e-01	 4.56e-01	  1.6e-01	  35	  29	 161	   6.0	 7.38e-02	  4.1e-02	  0.17	 1.84e-01	 3.80e-01	  2.1e-01	  52	  30	 142	   7.0	 1.12e-01	  5.7e-02	  0.20	 1.54e-01	 2.46e-01	  1.3e-01	  48	  24	 141	   7.0	 1.33e-01	  5.5e-02	  0.24	 1.85e-01	  7.7e-02	  44	  36	 135	      7.3	 4.28e-01	  0.12	 2.21e-01	 3.72e+00	  47	  24	 136	   3	   3	unbound starless
    51	043810.2+260654	  04:38:10.27	+26:06:54.1	   0.1	-5.14e-05	  8.8e-04	  0.03	-6.09e-05	 2.84e-01	 -4.9e+00	   8	   8	  38	   0.0	 5.76e-02	  2.3e-02	  0.22	 2.45e-01	 3.20e-01	  1.3e-01	  38	  29	 106	   6.6	 9.63e-02	  2.3e-02	  0.16	 1.45e-01	 1.78e-01	  4.3e-02	  32	  18	 107	   5.9	 1.16e-01	  3.2e-02	  0.15	 1.55e-01	 1.72e-01	  4.8e-02	  42	  24	 111	   8.4	 1.25e-01	  6.3e-02	  0.16	 1.16e-01	  5.8e-02	  54	  36	 108	      7.2	 4.80e-01	  0.10	 1.83e-01	 4.87e+00	  36	  18	 114	   0	   3	unbound starless
    52	043810.8+254842	  04:38:10.87	+25:48:42.4	   0.9	-4.26e-03	  4.8e-03	  0.49	-5.98e-02	 2.23e-02	 -2.5e-02	  97	  32	  59	   0.0	 2.84e-02	  1.9e-02	  0.20	 2.12e-01	 1.53e+00	  1.1e+00	  90	  86	  42	   0.0	 1.14e-01	  3.7e-02	  0.30	 3.97e-01	 1.90e+00	  6.1e-01	  81	  62	 193	   6.0	 1.42e-01	  6.5e-02	  0.41	 2.93e-01	 1.45e+00	  6.6e-01	  85	  71	  97	   6.7	 1.26e-01	  4.2e-02	  0.35	 5.47e-01	  1.8e-01	  84	  68	 110	      7.0	 5.91e-01	  0.21	 5.00e-01	 2.77e+00	  81	  66	 111	   3	   2	unbound starless
    53	043811.2+261447	  04:38:11.27	+26:14:47.5	   0.0	 2.43e-02	  1.1e-02	  1.09	 5.12e-01	 4.13e+00	  1.9e+00	 162	 148	  67	   0.0	 6.38e-02	  2.4e-02	  0.31	 5.22e-01	 8.77e+00	  3.3e+00	 165	 144	 200	   0.0	 1.04e-01	  3.8e-02	  0.15	 4.09e-01	 4.61e+00	  1.7e+00	 150	 121	  69	   5.7	 2.11e-01	  2.6e-02	  0.27	 4.56e-01	 3.37e+00	  4.1e-01	 137	  88	 104	   9.3	 2.31e-01	  3.8e-02	  0.25	 1.79e+00	  3.0e-01	 141	  86	  96	     10.3	 1.21e+00	  0.24	 1.10e+00	 4.98e+00	 122	  88	  97	   1	   2	unbound starless
    54	043820.8+254820	  04:38:20.89	+25:48:20.5	   0.0	 2.01e-02	  9.4e-03	  1.06	 4.17e-01	-5.44e-01	 -2.5e-01	 139	 137	  40	   6.0	 8.18e-02	  2.9e-02	  0.70	 6.35e-01	 3.87e+00	  1.4e+00	 120	  93	  45	  10.1	 2.90e-01	  4.5e-02	  1.02	 9.58e-01	 4.97e+00	  7.8e-01	  80	  51	  91	  12.3	 3.40e-01	  7.9e-02	  0.84	 6.65e-01	 3.14e+00	  7.3e-01	  89	  50	  86	  14.5	 3.58e-01	  6.8e-02	  1.03	 1.91e+00	  3.6e-01	  85	  62	  88	     16.6	 1.51e+00	  0.52	 1.21e+00	 2.89e+00	  85	  52	  84	   1	   4	unbound starless
    55	043824.9+261002	  04:38:24.90	+26:10:02.1	   0.0	 5.80e-03	  4.3e-04	  7.63	 8.29e-02	 3.34e-01	  2.5e-02	  52	  43	 185	   0.0	 6.52e-02	  2.9e-02	  0.26	 3.77e-01	 5.80e-01	  2.5e-01	  49	  47	 182	   6.7	 1.29e-01	  3.3e-02	  0.28	 2.05e-01	 3.33e-01	  8.5e-02	  27	  22	  93	   7.7	 1.43e-01	  4.1e-02	  0.24	 1.89e-01	 2.46e-01	  7.0e-02	  39	  25	  94	   0.0	 7.93e-02	  2.3e-02	  0.11	 7.80e-02	  2.3e-02	  40	  36	  41	      5.9	 3.95e-01	  0.10	 1.66e-01	 3.84e+00	  43	  19	  92	   0	   2	unbound starless
    56	043825.9+261405	  04:38:25.96	+26:14:05.6	   0.0	 1.68e-03	  5.5e-03	  0.17	 3.41e-02	-5.47e-02	 -1.8e-01	 169	  92	  99	   0.0	 7.84e-02	  3.2e-02	  0.27	 6.15e-01	 4.43e+00	  1.8e+00	 114	 106	 170	   6.0	 1.78e-01	  4.1e-02	  0.30	 6.51e-01	 3.84e+00	  8.8e-01	  94	  77	 173	   8.7	 2.96e-01	  5.5e-02	  0.35	 6.25e-01	 4.28e+00	  8.0e-01	  99	  82	 136	  11.6	 3.30e-01	  5.7e-02	  0.38	 2.32e+00	  4.0e-01	  98	  83	 151	     13.7	 1.37e+00	  0.28	 1.19e+00	 4.89e+00	  87	  73	 152	   3	   3	unbound starless
    57	043826.7+260716	  04:38:26.73	+26:07:16.0	   3.5	-4.79e-02	  1.4e-02	  1.14	-4.08e-01	-1.38e-01	  3.9e-02	  89	  16	  74	   0.0	 5.40e-02	  2.3e-02	  0.18	 4.02e-01	 2.54e+00	  1.1e+00	  95	  80	  60	  10.1	 1.35e-01	  1.0e-01	  0.14	 3.39e-01	 9.49e-01	  7.4e-01	  85	  26	  95	  20.5	 3.43e-01	  1.3e-01	  0.26	 5.86e-01	 1.43e+00	  5.5e-01	  72	  34	  88	  33.1	 5.87e-01	  1.3e-01	  0.43	 1.53e+00	  3.4e-01	  72	  39	  88	     39.0	 3.25e+00	  0.46	 2.35e+00	 7.11e+00	  65	  42	  75	   2	   3	unbound starless
    58	043827.5+260603	  04:38:27.58	+26:06:03.0	   0.0	 2.61e-03	  3.8e-03	 -0.39	 4.95e-02	 1.31e+00	  1.9e+00	 105	  73	 214	   0.0	 1.29e-02	  1.9e-02	  0.05	 9.87e-02	 1.13e+00	  1.7e+00	 104	  92	  50	   7.2	 1.43e-01	  9.0e-02	  0.16	 3.75e-01	 1.05e+00	  6.6e-01	  79	  28	  49	  17.5	 2.15e-01	  1.7e-01	  0.15	 3.34e-01	 7.47e-01	  6.0e-01	  95	  26	 205	  30.1	 5.13e-01	  1.9e-01	  0.38	 1.65e+00	  6.0e-01	 100	  49	  45	     38.2	 2.93e+00	  0.37	 2.20e+00	 7.84e+00	  81	  42	 212	   2	   3	unbound starless
    59	043829.9+261106	  04:38:29.93	+26:11:06.4	   0.0	 2.11e-02	  8.1e-03	  1.40	 1.30e-01	 1.22e-01	  4.7e-02	  24	  19	  53	  11.2	 5.62e-01	  6.0e-02	  1.40	 1.13e+00	 1.23e+00	  1.3e-01	  27	  13	 116	  23.5	 8.40e-01	  1.2e-01	  1.04	 1.16e+00	 1.25e+00	  1.7e-01	  27	  18	 118	  20.6	 6.98e-01	  1.1e-01	  0.77	 8.77e-01	 1.07e+00	  1.6e-01	  35	  24	 122	  20.5	 4.75e-01	  7.9e-02	  0.55	 5.55e-01	  9.3e-02	  36	  36	 133	     11.8	 1.53e+00	  0.27	 5.07e-01	 5.72e+00	  25	  19	 113	   3	   4	unbound starless
    60	043833.4+261055	  04:38:33.44	+26:10:55.8	  15.4	-3.07e-02	  2.0e-03	  8.28	-1.68e-01	-9.48e-02	  6.1e-03	  59	  10	 208	  21.6	 3.77e-01	  5.6e-02	  1.57	 1.55e+00	 2.77e+00	  4.1e-01	  38	  27	  73	  23.8	 5.63e-01	  6.0e-02	  1.09	 1.24e+00	 2.11e+00	  2.3e-01	  38	  29	  99	  20.4	 6.06e-01	  8.6e-02	  1.10	 8.54e-01	 1.28e+00	  1.8e-01	  33	  32	 115	  14.9	 3.85e-01	  7.3e-02	  0.70	 4.02e-01	  7.6e-02	  36	  36	 134	      8.4	 9.25e-01	  0.24	 4.89e-01	 3.81e+00	  43	  26	 120	   0	   4	unbound starless
    61	043834.6+263052	  04:38:34.66	+26:30:52.5	   3.4	-3.15e-02	  9.2e-03	  1.69	-6.58e-01	-1.82e+00	  5.3e-01	 152	 135	  95	   0.0	 5.03e-02	  2.6e-02	  0.26	 4.14e-01	 7.56e+00	  3.9e+00	 168	 164	  79	   6.0	 1.90e-01	  4.8e-02	  0.45	 6.85e-01	 4.92e+00	  1.2e+00	 130	  61	  60	   8.8	 2.55e-01	  4.7e-02	  0.44	 5.15e-01	 3.41e+00	  6.3e-01	 125	  53	  47	  12.1	 2.59e-01	  4.4e-02	  0.43	 1.67e+00	  2.8e-01	 125	  55	  49	     13.7	 1.49e+00	  0.44	 1.29e+00	 3.42e+00	 113	  63	  58	   1	   3	unbound starless
    62	043835.4+261042	  04:38:35.42	+26:10:42.2	  71.8	 1.19e+00	  1.6e-02	 47.49	 1.41e+00	 1.44e+00	  1.9e-02	   8	   8	  43	  55.3	 1.60e+00	  2.6e-02	  8.12	 1.90e+00	 1.41e+00	  2.3e-02	  13	  13	 215	  56.9	 8.47e-01	  3.6e-02	  2.24	 8.84e-01	 6.86e-01	  2.9e-02	  18	  18	  80	  29.5	 5.07e-01	  5.5e-02	  1.13	 5.48e-01	 4.21e-01	  4.6e-02	  24	  24	 120	  14.9	 2.68e-01	  5.5e-02	  0.57	 2.11e-01	  4.3e-02	  36	  36	 142	     15.3	 1.07e+00	  0.34	 2.97e-01	 3.13e+00	  20	  18	 134	   0	   5	protostellar
    63	043853.4+254521	  04:38:53.44	+25:45:21.3	   0.0	 6.06e-03	  4.5e-03	  0.74	 9.68e-02	-9.51e-03	 -7.1e-03	  58	  55	  47	   0.0	 7.29e-03	  1.7e-02	  0.03	 4.73e-02	 3.42e-01	  7.8e-01	  67	  53	  58	   0.0	 1.19e-01	  2.6e-02	  0.18	 2.95e-01	 5.87e-01	  1.3e-01	  52	  30	 175	   6.0	 1.37e-01	  2.1e-02	  0.21	 2.02e-01	 3.23e-01	  4.9e-02	  46	  29	 174	   5.8	 1.31e-01	  1.8e-02	  0.21	 2.02e-01	  2.8e-02	  55	  36	 187	      7.2	 4.45e-01	  0.12	 2.18e-01	 3.83e+00	  47	  22	 175	   3	   2	unbound starless
    64	043857.1+262207	  04:38:57.11	+26:22:07.9	   0.0	 2.79e-03	  5.7e-03	  0.28	 5.90e-02	-1.88e+00	 -3.9e+00	 168	 156	 185	   0.0	 6.82e-02	  2.7e-02	  0.33	 5.60e-01	 7.86e+00	  3.1e+00	 165	 153	 121	   7.6	 1.95e-01	  2.5e-02	  0.45	 7.09e-01	 5.49e+00	  7.1e-01	 128	  65	 176	  12.6	 3.90e-01	  3.3e-02	  0.73	 8.21e-01	 6.61e+00	  5.5e-01	 118	  73	 176	  16.7	 5.25e-01	  3.5e-02	  0.98	 4.65e+00	  3.1e-01	 117	  79	 164	     20.9	 2.83e+00	  0.80	 2.55e+00	 3.52e+00	 119	  80	 160	   1	   3	robust prestellar
    65	043857.4+262022	  04:38:57.43	+26:20:22.3	   0.0	 1.15e-04	  1.6e-03	 -0.04	 1.36e-04	 7.87e-01	  1.1e+01	   8	   8	  38	   0.0	 2.89e-02	  2.0e-02	  0.17	 2.19e-01	 1.24e+00	  8.4e-01	 103	  84	  84	   0.0	 9.37e-02	  2.4e-02	  0.19	 3.17e-01	 1.47e+00	  3.8e-01	  69	  62	  88	   6.9	 1.36e-01	  2.7e-02	  0.23	 2.21e-01	 5.49e-01	  1.1e-01	  63	  31	  47	   8.4	 2.34e-01	  2.1e-02	  0.43	 7.45e-01	  6.8e-02	  75	  49	  63	      9.2	 1.34e+00	  0.38	 1.05e+00	 3.50e+00	  76	  49	  79	   1	   2	unbound starless
    66	043858.9+254755	  04:38:58.98	+25:47:55.5	   0.6	-3.06e-03	  5.1e-03	  0.32	-1.41e-02	 6.55e-02	 -1.1e-01	  71	   8	 155	   0.0	 7.28e-02	  3.6e-02	  0.20	 4.57e-01	 9.66e-01	  4.8e-01	  56	  55	 182	   6.0	 1.26e-01	  2.1e-02	  0.19	 2.78e-01	 5.29e-01	  8.7e-02	  41	  28	 200	   6.2	 1.30e-01	  2.9e-02	  0.15	 2.02e-01	 3.23e-01	  7.2e-02	  47	  32	  44	   7.9	 1.24e-01	  3.7e-02	  0.14	 1.51e-01	  4.5e-02	  46	  36	 212	      5.7	 4.22e-01	  0.09	 2.04e-01	 4.66e+00	  44	  22	 203	   0	   3	unbound starless
    67	043902.5+255201	  04:39:02.53	+25:52:01.1	   2.7	-2.59e-02	  9.4e-03	  1.46	-4.06e-01	-1.60e-02	  5.8e-03	 118	  38	 129	   0.0	 6.99e-02	  3.4e-02	  0.17	 5.41e-01	 3.13e+00	  1.5e+00	 113	  94	 214	   7.8	 1.62e-01	  5.9e-02	  0.16	 4.81e-01	 1.64e+00	  6.0e-01	  90	  36	 205	  12.8	 2.98e-01	  9.5e-02	  0.22	 5.34e-01	 1.87e+00	  6.0e-01	  86	  37	 207	  15.0	 3.25e-01	  8.0e-02	  0.23	 1.06e+00	  2.6e-01	  90	  41	 206	     18.8	 1.66e+00	  0.23	 1.28e+00	 7.12e+00	  99	  43	 204	   1	   3	unbound starless
    68	043905.0+254019	  04:39:05.05	+25:40:19.7	   2.7	-3.96e-03	  1.5e-03	  1.47	-3.93e-02	 1.05e-01	 -4.0e-02	  65	  21	 144	  10.0	 3.36e-02	  3.4e-02	  0.07	 1.43e-01	 3.88e-01	  3.9e-01	  83	  21	 153	  19.4	 3.44e-01	  3.6e-02	  0.44	 8.59e-01	 1.90e+00	  2.0e-01	  61	  28	 171	  22.8	 4.91e-01	  4.6e-02	  0.57	 7.89e-01	 1.73e+00	  1.6e-01	  56	  32	 166	  23.1	 4.49e-01	  4.9e-02	  0.54	 8.46e-01	  9.3e-02	  65	  36	 165	     26.2	 2.07e+00	  0.48	 1.29e+00	 4.30e+00	  59	  31	 170	   1	   4	unbound starless
    69	043906.2+255831	  04:39:06.28	+25:58:31.8	   9.6	-1.31e-02	  1.4e-03	  5.24	-2.28e-01	-3.31e-01	  3.5e-02	  95	  53	 100	   0.0	 2.89e-02	  1.9e-02	  0.12	 2.24e-01	 1.81e+00	  1.2e+00	 109	  97	 119	   0.0	 1.19e-01	  2.8e-02	  0.18	 4.41e-01	 2.45e+00	  5.8e-01	  91	  88	  66	   6.5	 1.55e-01	  3.7e-02	  0.25	 3.27e-01	 1.70e+00	  4.1e-01	  90	  84	 117	   8.7	 1.65e-01	  3.6e-02	  0.25	 7.58e-01	  1.7e-01	  90	  71	 120	      8.4	 7.02e-01	  0.18	 6.09e-01	 3.83e+00	  84	  75	  98	   0	   2	unbound starless
    70	043906.3+255421	  04:39:06.34	+25:54:21.9	   0.0	 2.72e-03	  8.6e-04	 -1.83	 4.65e-02	 7.60e-01	  2.4e-01	  86	  53	 195	   0.0	 7.50e-02	  2.2e-02	  0.17	 5.62e-01	 4.09e+00	  1.2e+00	  94	  84	 147	   7.7	 2.01e-01	  4.7e-02	  0.17	 5.67e-01	 1.81e+00	  4.2e-01	  71	  34	 109	  12.7	 2.07e-01	  8.7e-02	  0.12	 3.37e-01	 8.16e-01	  3.4e-01	  79	  29	 107	  17.5	 3.59e-01	  7.7e-02	  0.21	 9.86e-01	  2.1e-01	  88	  40	 119	     24.8	 2.62e+00	  0.35	 2.02e+00	 7.57e+00	  67	  50	 100	   3	   3	unbound starless
    71	043907.9+261227	  04:39:07.95	+26:12:27.2	   0.0	 3.68e-03	  4.7e-03	  0.40	 5.70e-02	-1.21e-01	 -1.6e-01	  64	  46	 177	   0.0	 8.34e-02	  2.1e-02	  0.28	 3.90e-01	 8.65e-01	  2.2e-01	  38	  35	  88	   0.0	 1.07e-01	  2.1e-02	  0.17	 2.58e-01	 5.61e-01	  1.1e-01	  39	  34	 192	   5.5	 1.30e-01	  3.8e-02	  0.19	 2.02e-01	 3.59e-01	  1.1e-01	  44	  34	 199	   7.7	 1.18e-01	  3.2e-02	  0.17	 1.76e-01	  4.7e-02	  50	  36	 185	      5.0	 4.02e-01	  0.10	 2.33e-01	 4.03e+00	  49	  29	 192	   3	   2	unbound starless
    72	043910.5+253241	  04:39:10.51	+25:32:41.3	   0.0	 5.32e-03	  6.0e-03	  0.48	 8.57e-02	 1.78e-01	  2.0e-01	  61	  54	 145	   6.4	 6.10e-02	  2.4e-02	  0.19	 2.47e-01	 4.57e-01	  1.8e-01	  47	  24	  63	  14.8	 2.35e-01	  3.3e-02	  0.34	 4.65e-01	 7.77e-01	  1.1e-01	  34	  26	  61	  17.0	 3.35e-01	  7.2e-02	  0.40	 4.44e-01	 6.47e-01	  1.4e-01	  34	  27	  57	  16.5	 2.46e-01	  7.4e-02	  0.30	 2.82e-01	  8.5e-02	  37	  36	  48	     18.5	 1.43e+00	  0.33	 6.16e-01	 4.28e+00	  29	  25	  52	   1	   4	unbound starless
    73	043910.7+253646	  04:39:10.72	+25:36:46.5	  60.8	-1.74e-02	  2.9e-04	 34.96	-8.29e-02	-1.03e-01	  1.7e-03	  47	   9	 182	   0.0	 9.25e-02	  4.1e-02	  0.22	 4.63e-01	 6.04e-01	  2.7e-01	  45	  35	  44	  10.7	 1.77e-01	  1.9e-02	  0.25	 3.15e-01	 4.93e-01	  5.2e-02	  30	  24	  66	  11.6	 2.16e-01	  1.7e-02	  0.28	 2.87e-01	 4.02e-01	  3.2e-02	  36	  26	 139	   9.1	 1.53e-01	  2.2e-02	  0.20	 1.78e-01	  2.5e-02	  39	  36	 164	     11.6	 8.85e-01	  0.23	 3.74e-01	 3.92e+00	  29	  24	  69	   1	   3	unbound starless
    74	043911.9+255510	  04:39:11.98	+25:55:10.9	   0.0	 1.23e-02	  8.1e-03	  0.85	 2.10e-01	 1.04e-01	  6.8e-02	  69	  61	  72	   0.0	 8.50e-02	  4.4e-02	  0.17	 5.25e-01	 1.16e+00	  6.1e-01	  58	  50	 150	  10.2	 1.31e-01	  6.8e-02	  0.10	 3.15e-01	 5.88e-01	  3.0e-01	  65	  26	 200	  15.9	 3.26e-01	  7.6e-02	  0.21	 5.41e-01	 1.07e+00	  2.5e-01	  53	  35	 189	  20.1	 4.05e-01	  8.4e-02	  0.25	 6.49e-01	  1.3e-01	  53	  36	 217	     27.4	 2.35e+00	  0.29	 1.54e+00	 8.20e+00	  57	  35	  39	   3	   3	unbound starless
    75	043912.5+263112	  04:39:12.58	+26:31:12.7	   3.1	-3.92e-02	  1.3e-02	  1.51	-4.53e-01	-5.88e-03	  1.9e-03	  56	  27	  94	   0.0	 8.07e-02	  2.0e-02	  0.25	 4.38e-01	 2.80e-01	  6.8e-02	  55	  36	 114	   0.0	 6.74e-02	  1.8e-02	  0.07	 1.47e-01	 1.91e-01	  5.1e-02	  41	  27	 119	   7.3	 1.23e-01	  2.3e-02	  0.12	 1.56e-01	 1.98e-01	  3.6e-02	  36	  24	 114	   6.0	 8.76e-02	  2.6e-02	  0.08	 1.15e-01	  3.4e-02	  55	  36	 125	      9.4	 5.38e-01	  0.09	 3.29e-01	 5.86e+00	  42	  36	 120	   1	   2	unbound starless
    76	043913.2+263909	  04:39:13.24	+26:39:09.9	   0.4	-1.48e-03	  3.7e-03	  0.22	-1.84e-02	 1.27e-01	 -3.2e-01	  91	  26	 106	   0.0	 1.21e-02	  1.8e-02	  0.21	 8.66e-02	 5.87e-01	  8.7e-01	  79	  73	  43	   7.2	 1.40e-01	  2.1e-02	  0.97	 3.71e-01	 8.81e-01	  1.3e-01	  47	  37	 101	   6.4	 1.16e-01	  1.3e-02	  0.62	 1.69e-01	 2.97e-01	  3.4e-02	  40	  30	 151	   6.6	 1.01e-01	  1.8e-02	  0.57	 2.00e-01	  3.5e-02	  50	  45	  99	      7.1	 5.77e-01	  0.27	 3.77e-01	 2.15e+00	  47	  39	 122	   1	   3	unbound starless
    77	043914.8+254700	  04:39:14.80	+25:47:00.9	   0.0	 2.12e-02	  9.3e-03	  1.14	 3.47e-01	 3.27e-01	  1.4e-01	  63	  56	  38	   0.0	 6.42e-02	  2.7e-02	  0.12	 3.98e-01	 6.41e-01	  2.7e-01	  61	  49	 170	   6.9	 1.23e-01	  2.4e-02	  0.10	 2.10e-01	 3.15e-01	  6.2e-02	  37	  19	 178	   9.8	 2.07e-01	  5.3e-02	  0.14	 2.90e-01	 4.84e-01	  1.2e-01	  51	  24	 181	  14.3	 2.87e-01	  9.6e-02	  0.19	 4.98e-01	  1.7e-01	  58	  36	 177	     12.9	 1.01e+00	  0.13	 5.14e-01	 7.54e+00	  46	  24	 180	   0	   3	unbound starless
    78	043915.9+260436	  04:39:15.93	+26:04:36.8	   0.0	 1.13e-02	  6.8e-03	  0.93	 2.29e-01	-1.06e-01	 -6.3e-02	 118	 112	  98	   0.0	 1.31e-01	  2.3e-02	  0.35	 9.25e-01	 3.05e+00	  5.2e-01	  93	  61	 157	   8.9	 1.63e-01	  3.0e-02	  0.24	 3.62e-01	 1.00e+00	  1.9e-01	  92	  21	 163	  10.7	 2.31e-01	  3.0e-02	  0.28	 4.02e-01	 1.24e+00	  1.6e-01	  93	  33	 163	  12.0	 2.23e-01	  2.7e-02	  0.28	 7.08e-01	  8.4e-02	  91	  40	 164	     13.1	 1.09e+00	  0.24	 7.22e-01	 4.45e+00	  87	  31	 162	   1	   3	unbound starless
    79	043916.0+253535	  04:39:16.07	+25:35:35.6	   0.0	 1.30e-02	  1.0e-02	  0.63	 2.40e-01	-6.36e-01	 -4.9e-01	  82	  77	  38	   8.9	 1.36e-01	  4.0e-02	  0.34	 8.24e-01	 2.27e+00	  6.6e-01	  64	  44	 214	  19.1	 3.80e-01	  4.9e-02	  0.43	 1.17e+00	 3.75e+00	  4.8e-01	  61	  47	 136	  24.4	 5.98e-01	  5.2e-02	  0.60	 1.06e+00	 3.13e+00	  2.7e-01	  53	  45	 133	  27.3	 5.80e-01	  5.6e-02	  0.59	 1.61e+00	  1.6e-01	  54	  50	 121	     33.7	 2.65e+00	  0.53	 1.90e+00	 5.05e+00	  53	  46	 134	   1	   4	unbound starless
    80	043916.1+254854	  04:39:16.16	+25:48:54.0	   0.0	 7.83e-03	  6.8e-03	  0.61	 1.47e-01	-1.55e-01	 -1.3e-01	  84	  80	 166	   0.0	 4.70e-02	  2.2e-02	  0.08	 3.41e-01	 1.88e+00	  8.9e-01	  90	  70	 186	   0.0	 1.46e-01	  3.3e-02	  0.09	 4.71e-01	 1.85e+00	  4.2e-01	  77	  48	 167	   9.9	 1.56e-01	  7.2e-02	  0.08	 2.63e-01	 6.32e-01	  2.9e-01	  81	  32	 125	  13.2	 3.31e-01	  7.7e-02	  0.17	 8.39e-01	  2.0e-01	  74	  41	 180	     14.5	 1.27e+00	  0.13	 9.34e-01	 9.63e+00	  68	  42	 115	   0	   2	unbound starless
    81	043916.5+255134	  04:39:16.51	+25:51:34.3	   2.9	-3.13e-02	  1.1e-02	  1.29	-2.84e-01	-1.38e-01	  4.7e-02	  37	  24	  45	   9.0	 8.30e-02	  5.3e-02	  0.13	 3.46e-01	 6.18e-01	  4.0e-01	  41	  27	 191	  29.0	 4.72e-01	  8.7e-02	  0.27	 8.54e-01	 1.17e+00	  2.2e-01	  32	  24	 158	  36.2	 6.23e-01	  1.2e-01	  0.26	 7.69e-01	 9.59e-01	  1.8e-01	  32	  25	 158	  44.0	 7.36e-01	  1.1e-01	  0.32	 9.05e-01	  1.3e-01	  42	  36	 143	     42.8	 3.29e+00	  0.27	 1.35e+00	 1.20e+01	  30	  23	 144	   3	   4	robust prestellar
    82	043917.8+255224	  04:39:17.87	+25:52:24.8	   0.0	 1.76e-02	  1.0e-02	  0.80	 3.18e-01	-1.44e-01	 -8.5e-02	  81	  69	 216	  19.5	 1.61e-01	  8.0e-02	  0.21	 6.09e-01	 1.04e+00	  5.2e-01	  71	  18	 147	  53.3	 1.19e+00	  1.1e-01	  0.75	 3.05e+00	 7.47e+00	  6.7e-01	  58	  30	 167	  66.6	 1.51e+00	  1.4e-01	  0.68	 2.43e+00	 5.43e+00	  5.1e-01	  58	  31	 170	  68.6	 1.59e+00	  1.2e-01	  0.72	 3.39e+00	  2.5e-01	  61	  38	 167	    100.9	 8.87e+00	  0.82	 5.60e+00	 1.08e+01	  56	  32	 180	   1	   4	candidate prestellar
    83	043918.1+260036	  04:39:18.16	+26:00:36.3	   0.0	 6.05e-03	  5.7e-03	  0.59	 1.13e-01	-5.52e-02	 -5.2e-02	  84	  80	 153	   6.0	 6.85e-02	  2.7e-02	  0.23	 2.37e-01	 4.30e-01	  1.7e-01	  89	  16	  76	  11.6	 3.07e-01	  2.2e-02	  0.55	 8.97e-01	 2.54e+00	  1.8e-01	  53	  44	 142	  13.7	 3.69e-01	  2.2e-02	  0.53	 6.54e-01	 1.78e+00	  1.1e-01	  55	  43	 149	  14.3	 2.99e-01	  2.3e-02	  0.42	 7.78e-01	  5.9e-02	  56	  45	 147	     16.4	 1.19e+00	  0.27	 6.81e-01	 4.42e+00	  59	  26	 160	   1	   4	unbound starless
    84	043919.4+253344	  04:39:19.46	+25:33:44.7	   3.0	-3.28e-02	  1.1e-02	  1.41	-6.76e-01	 7.19e-01	 -2.4e-01	 145	 119	  77	   0.0	 9.67e-02	  2.7e-02	  0.23	 7.72e-01	 7.40e+00	  2.1e+00	 133	 118	 188	   0.0	 1.52e-01	  3.6e-02	  0.16	 5.91e-01	 5.48e+00	  1.3e+00	 136	 112	 181	   6.2	 2.40e-01	  6.2e-02	  0.27	 5.12e-01	 4.18e+00	  1.1e+00	 122	  80	 172	   8.7	 2.40e-01	  5.5e-02	  0.26	 1.93e+00	  4.5e-01	 124	  75	 170	      7.3	 8.67e-01	  0.18	 7.49e-01	 4.81e+00	 115	  62	 189	   1	   2	unbound starless
    85	043921.9+255533	  04:39:21.94	+25:55:33.9	   1.6	-1.26e-02	  8.0e-03	  0.88	-6.94e-02	 1.48e-03	 -9.4e-04	  42	  12	 159	   0.8	-1.00e-02	  1.3e-02	 -0.03	-3.78e-02	-3.11e-02	  4.1e-02	  40	  23	  38	   0.0	 9.20e-02	  2.5e-02	  0.10	 1.51e-01	 2.00e-01	  5.4e-02	  39	  18	 186	   6.3	 1.19e-01	  4.6e-02	  0.10	 1.58e-01	 1.39e-01	  5.4e-02	  41	  24	 189	   6.0	 8.54e-02	  3.6e-02	  0.07	 1.35e-01	  5.6e-02	  49	  36	 157	      7.8	 6.63e-01	  0.10	 2.83e-01	 6.35e+00	  42	  19	 192	   0	   2	unbound starless
    86	043922.5+252146	  04:39:22.58	+25:21:46.0	   4.1	-7.10e-03	  1.7e-03	  2.39	-1.29e-01	 2.91e-01	 -7.0e-02	  95	  63	  52	   7.6	 1.43e-01	  2.8e-02	  0.54	 9.04e-01	 2.47e+00	  4.7e-01	  62	  51	 169	  14.4	 3.58e-01	  2.4e-02	  0.69	 1.11e+00	 3.93e+00	  2.7e-01	  67	  46	 123	  20.7	 5.31e-01	  2.1e-02	  0.87	 9.51e-01	 2.99e+00	  1.2e-01	  63	  42	 129	  23.3	 5.27e-01	  2.3e-02	  0.83	 1.53e+00	  6.8e-02	  68	  44	 123	     26.9	 2.19e+00	  0.57	 1.51e+00	 3.85e+00	  68	  36	 123	   1	   4	unbound starless
    87	043923.0+262321	  04:39:23.04	+26:23:21.4	   2.7	-2.57e-02	  9.4e-03	  1.36	-2.68e-01	-5.58e-03	  2.0e-03	  70	  21	 164	   0.0	 1.25e-02	  1.5e-02	  0.07	 8.84e-02	 4.22e-01	  5.1e-01	  75	  72	 158	   6.1	 1.08e-01	  2.4e-02	  0.25	 2.97e-01	 7.12e-01	  1.6e-01	  48	  40	  91	   6.9	 1.47e-01	  4.0e-02	  0.27	 2.53e-01	 5.85e-01	  1.6e-01	  50	  41	  89	   6.5	 1.09e-01	  2.6e-02	  0.19	 1.87e-01	  4.4e-02	  48	  41	  84	      7.4	 6.14e-01	  0.16	 3.50e-01	 3.80e+00	  43	  30	  89	   3	   3	unbound starless
    88	043923.8+253719	  04:39:23.86	+25:37:19.9	   0.0	 6.29e-03	  5.9e-03	  0.56	 1.20e-01	-1.02e+00	 -9.6e-01	  91	  87	 169	   0.0	 6.83e-02	  2.8e-02	  0.16	 4.85e-01	 2.06e+00	  8.5e-01	  83	  66	  56	   0.0	 7.56e-02	  1.6e-02	  0.09	 2.43e-01	 9.14e-01	  2.0e-01	  88	  45	  59	   5.8	 1.19e-01	  3.6e-02	  0.14	 2.08e-01	 4.83e-01	  1.5e-01	  70	  37	  50	   6.8	 1.14e-01	  6.0e-02	  0.13	 2.44e-01	  1.3e-01	  74	  42	  51	      7.1	 5.19e-01	  0.13	 3.76e-01	 4.10e+00	  65	  42	  76	   0	   2	unbound starless
    89	043925.8+262700	  04:39:25.82	+26:27:00.8	   3.4	-1.27e-02	  3.7e-03	  1.93	-2.40e-01	-7.86e-01	  2.3e-01	 124	  68	 162	   6.3	 8.60e-02	  2.2e-02	  0.29	 6.34e-01	 4.09e+00	  1.0e+00	 116	  68	 145	  23.6	 5.86e-01	  1.8e-02	  0.62	 2.06e+00	 1.14e+01	  3.4e-01	 103	  59	 165	  46.8	 1.16e+00	  3.2e-02	  0.83	 2.31e+00	 1.12e+01	  3.1e-01	  94	  53	 167	  71.9	 1.49e+00	  4.8e-02	  0.94	 7.29e+00	  2.3e-01	  97	  54	 163	    116.4	 1.03e+01	  1.28	 8.50e+00	 8.06e+00	  92	  55	 166	   1	   4	robust prestellar
    90	043926.3+254843	  04:39:26.32	+25:48:43.3	   0.0	 3.24e-03	  1.9e-03	  0.92	 6.29e-02	-2.50e-01	 -1.5e-01	 109	  84	  70	   8.7	 1.25e-01	  2.6e-02	  0.23	 8.24e-01	 2.19e+00	  4.6e-01	  65	  58	 181	  16.7	 6.58e-01	  5.2e-02	  0.47	 2.03e+00	 7.10e+00	  5.6e-01	  59	  48	  65	  26.8	 8.69e-01	  1.1e-01	  0.48	 1.71e+00	 6.99e+00	  9.1e-01	  73	  59	 211	  38.8	 1.39e+00	  1.0e-01	  0.90	 7.41e+00	  5.3e-01	  76	  66	 153	     48.5	 5.52e+00	  0.70	 4.12e+00	 7.95e+00	  63	  47	 124	   1	   4	robust prestellar
    91	043926.8+254127	  04:39:26.85	+25:41:27.4	   4.1	-1.41e-02	  3.4e-03	  2.26	-1.79e-01	 6.85e-02	 -1.7e-02	  90	  27	 179	   6.1	 6.57e-02	  3.0e-02	  0.13	 3.31e-01	 8.34e-01	  3.8e-01	  86	  27	 131	  17.4	 3.43e-01	  4.9e-02	  0.27	 9.90e-01	 3.00e+00	  4.3e-01	  63	  38	 146	  29.2	 7.99e-01	  7.9e-02	  0.56	 1.56e+00	 5.63e+00	  5.6e-01	  64	  61	  88	  40.6	 9.11e-01	  1.2e-01	  0.58	 3.33e+00	  4.5e-01	  65	  61	  74	     51.1	 4.81e+00	  0.61	 3.73e+00	 7.86e+00	  62	  54	  40	   1	   4	robust prestellar
    92	043927.6+254859	  04:39:27.63	+25:48:59.8	   0.0	 9.11e-03	  8.8e-03	  0.54	 5.87e-02	-1.70e-01	 -1.6e-01	  31	  17	 106	   0.0	 3.12e-17	  2.2e-02	  0.00	 4.29e-17	 6.13e-17	  4.4e-02	  16	  13	 107	  11.5	 1.03e-01	  4.3e-02	  0.08	 1.08e-01	 1.05e-01	  4.4e-02	  18	  18	  75	  18.9	 8.25e-03	  7.9e-02	  0.00	 8.91e-03	 7.56e-03	  7.2e-02	  24	  24	 213	  27.5	 7.23e-02	  1.3e-01	  0.05	 6.82e-02	  1.2e-01	  36	  36	 202	     27.0	 1.68e+00	  0.22	 4.23e-01	 7.70e+00	  18	  18	 208	   3	   3	robust prestellar
    93	043932.4+254210	  04:39:32.40	+25:42:10.9	   0.0	 4.22e-04	  1.1e-02	  0.01	 5.00e-04	-4.14e-02	 -1.1e+00	   8	   8	  38	   0.0	 3.19e-02	  5.5e-02	  0.05	 1.46e-01	 5.97e-01	  1.0e+00	  36	  35	 183	  12.8	 2.75e-01	  1.7e-01	  0.16	 5.00e-01	 7.44e-01	  4.7e-01	  36	  22	 174	  21.9	 8.61e-01	  1.5e-01	  0.43	 1.18e+00	 1.61e+00	  2.8e-01	  40	  26	 199	  27.5	 8.24e-01	  1.2e-01	  0.42	 1.08e+00	  1.6e-01	  42	  36	  41	     60.8	 5.24e+00	  0.52	 2.36e+00	 1.02e+01	  30	  26	 202	   1	   3	robust prestellar
    94	043932.4+262535	  04:39:32.44	+26:25:35.6	   0.0	 1.55e-03	  1.4e-03	 -0.57	 2.28e-02	 1.19e+00	  1.1e+00	  69	  39	 145	   3.0	-3.31e-02	  1.1e-02	 -0.12	-1.73e-01	-2.08e-01	  7.0e-02	  73	  30	  59	   6.6	 1.70e-01	  2.0e-02	  0.20	 4.66e-01	 1.14e+00	  1.3e-01	  51	  38	 141	  16.9	 3.44e-01	  5.4e-02	  0.24	 5.60e-01	 1.21e+00	  1.9e-01	  59	  32	 139	  25.1	 5.51e-01	  7.0e-02	  0.37	 1.14e+00	  1.4e-01	  62	  38	 141	     41.3	 3.59e+00	  0.41	 2.34e+00	 8.68e+00	  59	  34	 139	   3	   3	robust prestellar
    95	043933.3+255800	  04:39:33.34	+25:58:00.6	   0.0	 4.85e-04	  1.4e-03	  0.19	 5.75e-04	 2.13e-01	  6.1e-01	   8	   8	  48	   0.0	 7.79e-02	  2.7e-02	  0.22	 3.75e-01	 6.33e-01	  2.2e-01	  46	  32	  59	   9.1	 1.80e-01	  2.4e-02	  0.27	 3.18e-01	 4.95e-01	  6.7e-02	  30	  24	  62	   9.4	 1.77e-01	  3.0e-02	  0.22	 2.33e-01	 3.10e-01	  5.2e-02	  37	  26	  64	   5.9	 1.55e-01	  3.4e-02	  0.19	 1.54e-01	  3.3e-02	  36	  36	  73	      8.7	 6.19e-01	  0.14	 2.78e-01	 4.51e+00	  32	  24	 162	   3	   3	unbound starless
    96	043934.3+260535	  04:39:34.33	+26:05:35.6	   3.2	-2.11e-02	  6.7e-03	  1.73	-4.27e-01	 5.64e-02	 -1.8e-02	 144	  96	 153	   8.8	 1.35e-01	  2.7e-02	  0.46	 1.05e+00	 7.17e+00	  1.4e+00	 116	  92	  47	  19.1	 5.17e-01	  5.0e-02	  0.66	 1.74e+00	 7.55e+00	  7.3e-01	  71	  59	 216	  33.0	 9.22e-01	  1.5e-01	  0.87	 1.84e+00	 9.11e+00	  1.5e+00	  87	  57	  46	  41.0	 9.30e-01	  1.7e-01	  0.80	 4.67e+00	  8.8e-01	  98	  59	  41	     53.8	 5.34e+00	  0.95	 4.04e+00	 5.62e+00	  70	  46	 217	   1	   4	candidate prestellar
    97	043934.9+255711	  04:39:34.93	+25:57:11.7	   0.0	 3.88e-02	  1.4e-02	  1.16	 6.54e-01	 4.75e-01	  1.7e-01	  65	  61	  40	   0.0	 4.65e-02	  1.9e-02	  0.14	 3.07e-01	 1.01e+00	  4.1e-01	  66	  58	  58	   6.8	 1.48e-01	  2.5e-02	  0.22	 3.74e-01	 7.91e-01	  1.3e-01	  44	  35	 132	   8.0	 1.95e-01	  2.2e-02	  0.24	 2.77e-01	 4.89e-01	  5.6e-02	  38	  30	 165	   7.0	 1.68e-01	  2.6e-02	  0.20	 2.45e-01	  3.8e-02	  44	  36	 154	      7.7	 7.04e-01	  0.15	 3.10e-01	 4.61e+00	  40	  21	 199	   1	   3	unbound starless
    98	043935.1+254017	  04:39:35.19	+25:40:17.0	   5.4	-2.27e-02	  4.2e-03	  3.05	-1.01e-01	-2.28e-03	  4.2e-04	  54	   8	 192	   0.0	 4.69e-02	  3.8e-02	  0.10	 2.86e-01	 8.25e-02	  6.7e-02	  55	  50	  66	   0.0	 3.57e-02	  1.7e-02	  0.03	 1.06e-01	 3.11e-02	  1.5e-02	  52	  47	 168	   6.3	 9.83e-02	  5.3e-02	  0.06	 1.56e-01	 2.61e-01	  1.4e-01	  55	  31	 207	   5.6	 4.76e-02	  9.7e-02	  0.03	 9.67e-02	  2.0e-01	  66	  36	  38	     11.1	 7.82e-01	  0.10	 4.17e-01	 8.04e+00	  41	  28	 202	   0	   2	unbound starless
    99	043935.2+254144	  04:39:35.22	+25:41:44.6	1637.0	 2.37e+01	  1.6e-02	537.25	 2.84e+01	 4.38e+01	  2.9e-02	   8	   8	 103	1438.0	 3.38e+01	  5.9e-02	 53.92	 4.10e+01	 4.70e+01	  8.2e-02	  13	  13	 104	1464.0	 2.01e+01	  2.0e-01	  8.20	 2.10e+01	 1.83e+01	  1.8e-01	  18	  18	 154	 632.0	 1.07e+01	  1.5e-01	  4.49	 1.16e+01	 1.01e+01	  1.4e-01	  24	  24	 205	 284.2	 5.06e+00	  1.3e-01	  2.37	 5.12e+00	  1.4e-01	  36	  36	 214	    177.3	 1.20e+01	  1.03	 3.21e+00	 1.17e+01	  19	  18	 152	   1	   5	protostellar
   100	043935.6+255511	  04:39:35.66	+25:55:11.0	   0.0	 7.60e-03	  8.7e-03	  0.49	 1.07e-01	-7.04e-02	 -8.1e-02	  47	  45	 128	   0.0	 2.56e-02	  1.6e-02	  0.08	 1.48e-01	 2.56e-01	  1.6e-01	  52	  44	 168	   7.7	 1.27e-01	  1.8e-02	  0.19	 2.02e-01	 2.78e-01	  3.9e-02	  36	  18	 167	   7.5	 1.49e-01	  3.0e-02	  0.19	 1.83e-01	 2.09e-01	  4.2e-02	  32	  24	 172	   6.2	 1.04e-01	  4.0e-02	  0.13	 9.48e-02	  3.7e-02	  50	  36	 169	      9.7	 8.26e-01	  0.19	 2.64e-01	 4.39e+00	  26	  18	 181	   1	   3	unbound starless
   101	043935.7+254625	  04:39:35.73	+25:46:25.5	   1.6	-5.11e-03	  3.2e-03	  0.91	-8.41e-02	-4.13e-01	  2.6e-01	 149	  41	 126	   0.0	 3.76e-02	  3.3e-02	  0.06	 2.93e-01	 4.00e+00	  3.6e+00	 127	  93	  61	   9.0	 4.58e-01	  6.5e-02	  0.34	 1.77e+00	 1.72e+01	  2.4e+00	 123	 105	 118	  18.6	 5.61e-01	  1.1e-01	  0.23	 1.05e+00	 4.99e+00	  9.7e-01	 148	  38	 120	  32.2	 1.34e+00	  1.3e-01	  0.71	 1.23e+01	  1.2e+00	 132	  97	  96	     38.8	 5.50e+00	  0.54	 4.66e+00	 1.02e+01	 115	  57	 104	   0	   3	robust prestellar
   102	043937.5+261732	  04:39:37.55	+26:17:32.4	   2.4	-1.85e-02	  7.6e-03	  1.28	-2.41e-01	-1.25e-02	  5.1e-03	 100	  28	 155	   0.0	 9.21e-02	  2.0e-02	  0.37	 6.24e-01	 1.54e+00	  3.4e-01	  72	  59	  77	  10.6	 2.49e-01	  1.6e-02	  0.70	 7.36e-01	 2.24e+00	  1.4e-01	  52	  46	 158	  14.0	 3.56e-01	  1.7e-02	  0.79	 6.39e-01	 1.84e+00	  8.8e-02	  53	  47	 149	  16.1	 3.00e-01	  2.1e-02	  0.64	 8.49e-01	  5.9e-02	  58	  50	 150	     17.4	 1.62e+00	  0.51	 1.17e+00	 3.15e+00	  56	  45	 140	   3	   3	unbound starless
   103	043937.8+254833	  04:39:37.80	+25:48:33.1	   4.8	-9.13e-03	  1.9e-03	  2.64	-6.24e-02	-1.45e-01	  3.0e-02	  63	  13	 174	   6.2	 1.74e-02	  2.3e-02	  0.03	 9.76e-02	 2.65e-01	  3.4e-01	  64	  37	  38	  11.1	 2.85e-01	  5.9e-02	  0.21	 8.28e-01	 2.11e+00	  4.4e-01	  56	  41	 138	  17.6	 5.01e-01	  9.3e-02	  0.27	 8.44e-01	 1.86e+00	  3.4e-01	  50	  39	 143	  23.0	 1.06e+00	  1.6e-01	  0.81	 2.40e+00	  3.6e-01	  64	  44	 140	     27.3	 3.74e+00	  0.56	 2.11e+00	 6.74e+00	  40	  31	 146	   0	   4	candidate prestellar
   104	043938.2+260819	  04:39:38.25	+26:08:19.8	   0.0	 1.16e-02	  5.6e-03	  1.19	 1.85e-01	 1.32e-01	  6.3e-02	  59	  54	 201	   0.0	 1.91e-02	  2.0e-02	  0.06	 1.18e-01	 6.62e-01	  6.8e-01	  58	  50	 109	   6.3	 1.03e-01	  1.9e-02	  0.12	 1.89e-01	 2.98e-01	  5.6e-02	  31	  25	  64	   7.4	 1.24e-01	  1.1e-01	  0.10	 1.69e-01	 2.48e-01	  2.2e-01	  42	  25	 208	   6.9	 1.95e-01	  2.0e-01	  0.14	 2.52e-01	  2.6e-01	  47	  36	 195	     10.1	 8.14e-01	  0.13	 3.73e-01	 6.36e+00	  36	  23	 203	   1	   3	unbound starless
   105	043938.2+261145	  04:39:38.27	+26:11:45.0	   2.7	-2.00e-02	  7.4e-03	  1.42	-3.60e-01	 2.47e-02	 -9.2e-03	 121	  56	 214	   7.3	 1.57e-01	  3.5e-02	  0.52	 1.13e+00	 4.12e+00	  9.3e-01	  97	  65	 138	  17.0	 4.85e-01	  3.8e-02	  0.57	 1.56e+00	 7.07e+00	  5.6e-01	  72	  49	 137	  22.6	 7.67e-01	  1.5e-01	  0.68	 1.48e+00	 6.86e+00	  1.4e+00	  77	  51	 134	  26.9	 8.32e-01	  1.7e-01	  0.72	 3.23e+00	  6.7e-01	  78	  48	 134	     36.8	 3.93e+00	  0.63	 2.92e+00	 6.25e+00	  66	  44	 135	   3	   4	candidate prestellar
   106	043939.4+254127	  04:39:39.48	+25:41:27.3	   0.0	 1.11e-02	  1.1e-02	  0.45	 1.53e-01	-3.67e-02	 -3.8e-02	  46	  44	 215	   0.0	 2.87e-02	  3.7e-02	  0.05	 1.38e-01	 7.95e-01	  1.0e+00	  51	  30	 195	   8.0	 1.66e-01	  1.2e-01	  0.11	 3.97e-01	 4.86e-01	  3.6e-01	  44	  31	 161	  10.0	 3.80e-01	  1.6e-01	  0.19	 5.58e-01	 9.40e-01	  4.0e-01	  40	  31	  87	  10.4	 6.45e-01	  1.6e-01	  0.36	 1.03e+00	  2.5e-01	  50	  36	 213	     26.4	 2.26e+00	  0.21	 1.18e+00	 1.06e+01	  39	  28	 105	   3	   3	unbound starless
   107	043940.5+255227	  04:39:40.55	+25:52:27.5	   0.0	 2.23e-02	  1.2e-02	  0.82	 3.96e-01	-3.31e-01	 -1.8e-01	  80	  64	 198	   0.0	 7.48e-02	  2.7e-02	  0.20	 5.03e-01	 1.32e+00	  4.7e-01	  66	  62	  66	  10.4	 1.21e-01	  2.7e-02	  0.15	 2.68e-01	 4.68e-01	  1.1e-01	  62	  23	 132	  12.3	 2.16e-01	  5.1e-02	  0.23	 3.10e-01	 5.03e-01	  1.2e-01	  58	  24	 136	  13.9	 2.24e-01	  5.1e-02	  0.25	 4.21e-01	  9.7e-02	  64	  37	 142	     13.2	 6.44e-01	  0.12	 2.99e-01	 5.31e+00	  65	  18	 133	   1	   3	unbound starless
   108	043940.8+261712	  04:39:40.89	+26:17:12.3	   0.0	 2.89e-02	  1.2e-02	  1.13	 4.82e-01	 4.70e-02	  1.9e-02	  63	  60	 171	   0.0	 5.68e-02	  2.0e-02	  0.24	 3.24e-01	 6.54e-01	  2.3e-01	  55	  42	 152	  10.0	 2.29e-01	  1.4e-02	  0.54	 5.27e-01	 1.13e+00	  7.1e-02	  44	  28	 144	  13.5	 3.17e-01	  3.3e-02	  0.60	 5.06e-01	 1.06e+00	  1.1e-01	  47	  34	 146	  14.7	 2.91e-01	  5.6e-02	  0.54	 4.87e-01	  9.4e-02	  49	  36	 146	     15.4	 1.50e+00	  0.43	 8.35e-01	 3.53e+00	  44	  29	 139	   1	   3	unbound starless
   109	043942.1+254040	  04:39:42.14	+25:40:40.0	   3.2	-3.43e-02	  1.1e-02	  1.39	-6.86e-01	 2.92e-02	 -9.3e-03	 122	  97	  80	   0.0	 8.41e-02	  3.9e-02	  0.15	 6.33e-01	 3.05e+00	  1.4e+00	 123	  74	 156	   0.0	 2.74e-01	  4.2e-02	  0.18	 9.66e-01	 5.20e+00	  8.0e-01	  94	  63	 146	  12.8	 3.16e-01	  1.2e-01	  0.16	 5.84e-01	 2.00e+00	  7.8e-01	 103	  39	 119	  22.3	 7.61e-01	  1.2e-01	  0.44	 4.70e+00	  7.6e-01	  96	  87	 184	     34.8	 3.93e+00	  0.47	 3.04e+00	 8.30e+00	  71	  49	 175	   3	   2	candidate prestellar
   110	043943.9+260700	  04:39:43.96	+26:07:00.8	   0.0	 1.75e-02	  8.9e-03	  0.92	 2.85e-01	 7.80e-01	  4.0e-01	  62	  56	 128	   0.0	 2.65e-03	  1.7e-02	  0.01	 1.77e-02	 5.58e-02	  3.6e-01	  78	  53	  68	   7.6	 1.36e-01	  3.7e-02	  0.16	 3.10e-01	 5.99e-01	  1.6e-01	  45	  27	 215	  10.0	 2.76e-01	  1.2e-01	  0.25	 4.34e-01	 8.39e-01	  3.8e-01	  52	  31	  66	  10.9	 3.20e-01	  1.3e-01	  0.28	 4.84e-01	  2.0e-01	  55	  36	  75	     16.5	 1.41e+00	  0.23	 6.74e-01	 6.12e+00	  41	  23	  58	   1	   3	candidate prestellar
   111	043946.9+261121	  04:39:46.97	+26:11:21.9	   0.0	 2.60e-02	  8.4e-03	  1.56	 4.16e-01	 2.82e-01	  9.1e-02	  63	  52	 216	   0.0	 5.89e-02	  2.9e-02	  0.16	 3.69e-01	 1.12e+00	  5.6e-01	  59	  51	 137	  14.6	 2.48e-01	  6.5e-02	  0.24	 4.36e-01	 6.98e-01	  1.8e-01	  43	  19	 167	  19.9	 3.86e-01	  1.4e-01	  0.28	 5.31e-01	 8.41e-01	  3.1e-01	  47	  24	 164	  19.0	 5.10e-01	  1.7e-01	  0.38	 9.61e-01	  3.1e-01	  61	  40	 136	     28.9	 2.56e+00	  0.34	 1.08e+00	 7.61e+00	  37	  20	 165	   1	   3	candidate prestellar
   112	043947.7+260246	  04:39:47.79	+26:02:46.8	   0.0	 1.22e-02	  1.2e-02	  0.45	 1.75e-01	-7.91e-02	 -7.9e-02	  52	  44	 103	  29.3	 4.07e-01	  2.2e-01	  0.42	 1.13e+00	 1.29e+00	  6.8e-01	  51	  14	 214	  55.6	 8.82e-01	  4.7e-01	  0.47	 1.63e+00	 1.98e+00	  1.1e+00	  45	  20	  44	  48.2	 1.12e+00	  5.6e-01	  0.53	 1.55e+00	 1.74e+00	  8.6e-01	  48	  24	  59	  28.8	 5.65e-01	  4.5e-01	  0.24	 7.41e-01	  5.9e-01	  47	  36	 212	     31.5	 2.33e+00	  0.24	 1.06e+00	 9.70e+00	  41	  21	  75	   3	   4	unbound starless
   113	043947.9+254231	  04:39:47.97	+25:42:31.3	   0.0	 7.40e-03	  7.9e-03	  0.47	 1.20e-01	 2.10e-01	  2.2e-01	  61	  55	  62	   0.0	 1.97e-02	  2.0e-02	  0.03	 1.21e-01	 5.35e-01	  5.5e-01	  57	  50	 204	   7.0	 1.12e-01	  5.0e-02	  0.08	 1.98e-01	 2.84e-01	  1.3e-01	  44	  19	 187	   7.9	 1.62e-01	  8.4e-02	  0.09	 2.26e-01	 3.84e-01	  2.0e-01	  42	  26	  39	   7.5	 2.09e-01	  1.1e-01	  0.11	 4.54e-01	  2.4e-01	  65	  43	  38	      8.1	 7.03e-01	  0.08	 3.79e-01	 9.09e+00	  43	  27	  72	   0	   3	unbound starless
   114	043949.6+253925	  04:39:49.62	+25:39:25.3	   0.0	 9.34e-03	  9.0e-03	  0.48	 1.57e-01	-5.66e-01	 -5.4e-01	  68	  57	  88	   0.0	 2.03e-02	  2.0e-02	  0.04	 1.29e-01	 3.33e-01	  3.3e-01	  64	  52	 204	   0.0	 8.03e-02	  3.6e-02	  0.06	 1.77e-01	 2.97e-01	  1.3e-01	  43	  27	 197	   6.0	 1.17e-01	  6.3e-02	  0.07	 1.77e-01	 2.99e-01	  1.6e-01	  46	  31	 199	   7.2	 1.50e-01	  6.8e-02	  0.09	 2.57e-01	  1.2e-01	  53	  36	 215	      8.4	 6.21e-01	  0.07	 2.87e-01	 8.46e+00	  31	  27	 179	   3	   2	unbound starless
   115	043950.6+260812	  04:39:50.67	+26:08:12.8	   0.0	 2.25e-03	  1.1e-03	 -1.09	 4.04e-02	 5.64e-01	  2.9e-01	  78	  68	  60	   0.0	 7.11e-03	  1.4e-02	  0.03	 5.22e-02	 5.91e-01	  1.2e+00	  84	  80	 122	   6.2	 1.02e-01	  3.6e-02	  0.14	 2.76e-01	 4.87e-01	  1.7e-01	  57	  34	  47	   5.9	 2.27e-01	  8.7e-02	  0.25	 4.00e-01	 9.25e-01	  3.6e-01	  53	  43	  74	   6.3	 1.82e-01	  8.2e-02	  0.18	 3.74e-01	  1.7e-01	  55	  42	  74	      9.6	 7.29e-01	  0.13	 3.70e-01	 5.68e+00	  53	  22	 129	   3	   3	unbound starless
   116	043951.6+260336	  04:39:51.68	+26:03:36.9	   6.0	 1.34e-01	  3.7e-02	  0.71	 4.98e-01	 4.82e-01	  1.3e-01	  21	  12	 216	 131.7	 3.35e+00	  5.6e-01	  1.40	 8.05e+00	 8.43e+00	  1.4e+00	  27	  16	 159	 280.2	 5.54e+00	  6.9e-01	  1.21	 7.76e+00	 9.26e+00	  1.2e+00	  25	  19	 147	 197.6	 5.43e+00	  6.2e-01	  1.10	 6.06e+00	 7.09e+00	  8.2e-01	  26	  24	 145	 229.4	 4.95e+00	  4.1e-01	  1.52	 5.86e+00	  4.9e-01	  36	  36	  40	     89.3	 8.35e+00	  0.38	 3.22e+00	 2.21e+01	  26	  23	 132	   3	   5	robust prestellar
   117	043952.9+254233	  04:39:52.98	+25:42:33.5	   0.0	 1.13e-02	  8.7e-03	  0.63	 1.98e-01	 3.10e-01	  2.4e-01	  72	  65	  51	   6.3	 4.70e-02	  2.6e-02	  0.08	 2.59e-01	 5.10e-01	  2.9e-01	  66	  34	 215	   0.0	 1.61e-01	  3.7e-02	  0.09	 4.49e-01	 1.20e+00	  2.8e-01	  60	  36	 194	  10.5	 2.69e-01	  9.9e-02	  0.14	 4.67e-01	 1.13e+00	  4.2e-01	  58	  39	 210	  12.9	 3.19e-01	  1.5e-01	  0.15	 6.50e-01	  3.0e-01	  61	  38	 217	     15.9	 1.21e+00	  0.11	 7.00e-01	 1.06e+01	  54	  28	  59	   0	   3	unbound starless
   118	043953.8+260309	  04:39:53.88	+26:03:09.0	 625.2	 1.06e+01	  2.1e-02	 35.30	 1.38e+01	 2.05e+01	  4.1e-02	   9	   8	  53	1277.0	 3.23e+01	  4.8e-01	  9.41	 4.32e+01	 5.40e+01	  8.0e-01	  15	  13	  78	1669.0	 2.73e+01	  7.8e-01	  4.89	 3.00e+01	 3.47e+01	  9.9e-01	  19	  18	 130	 902.6	 1.83e+01	  7.4e-01	  3.66	 2.03e+01	 2.20e+01	  8.9e-01	  26	  24	 108	 602.5	 9.75e+00	  4.1e-01	  3.10	 1.03e+01	  4.3e-01	  36	  36	  82	    267.2	 2.35e+01	  1.02	 7.42e+00	 2.32e+01	  22	  19	 116	   1	   5	protostellar
   119	043954.7+253054	  04:39:54.75	+25:30:54.5	   3.1	-2.14e-02	  6.8e-03	  1.64	-2.05e-01	-1.85e-01	  5.9e-02	  86	  18	 207	   0.0	 5.40e-02	  2.5e-02	  0.15	 3.51e-01	 4.80e-01	  2.2e-01	  75	  50	 191	   9.2	 1.75e-01	  3.4e-02	  0.25	 4.24e-01	 9.07e-01	  1.8e-01	  51	  29	 160	  11.6	 2.57e-01	  4.2e-02	  0.32	 4.08e-01	 8.49e-01	  1.4e-01	  52	  32	 166	  11.7	 2.16e-01	  3.5e-02	  0.27	 3.96e-01	  6.3e-02	  55	  36	 165	     11.6	 7.72e-01	  0.18	 4.74e-01	 4.38e+00	  54	  31	 158	   1	   3	unbound starless
   120	043955.4+261947	  04:39:55.47	+26:19:47.5	   0.0	 1.65e-02	  8.8e-03	  0.90	 3.53e-01	 1.21e+00	  6.4e-01	 190	 182	 168	   0.0	 8.34e-02	  3.2e-02	  0.29	 6.83e-01	 7.03e+00	  2.7e+00	 162	 150	 114	   8.7	 2.84e-01	  1.2e-02	  0.46	 1.04e+00	 9.05e+00	  3.9e-01	 128	  69	 151	  16.9	 5.21e-01	  2.7e-02	  0.65	 1.11e+00	 1.04e+01	  5.3e-01	 126	  79	 152	  23.7	 6.35e-01	  4.1e-02	  0.77	 6.12e+00	  3.9e-01	 122	  81	 149	     29.4	 3.05e+00	  0.56	 2.75e+00	 5.48e+00	 135	  77	 147	   1	   3	robust prestellar
   121	043955.5+260250	  04:39:55.55	+26:02:50.7	  14.5	 3.45e-01	  3.0e-02	  0.90	 1.54e+00	 2.22e+00	  1.9e-01	  21	  14	 212	 259.2	 6.47e+00	  5.2e-01	  2.08	 1.50e+01	 1.58e+01	  1.3e+00	  23	  18	 156	 364.8	 8.63e+00	  8.6e-01	  1.89	 1.00e+01	 1.08e+01	  1.1e+00	  21	  18	 207	 294.9	 7.34e+00	  5.9e-01	  1.74	 7.92e+00	 7.82e+00	  6.3e-01	  24	  24	  93	 304.3	 5.30e+00	  4.1e-01	  1.98	 5.30e+00	  4.1e-01	  36	  36	  80	    124.1	 9.80e+00	  0.53	 2.72e+00	 1.85e+01	  20	  18	 167	   3	   5	robust prestellar
   122	043955.7+254502	  04:39:55.73	+25:45:02.6	 304.3	 4.97e+00	  1.7e-02	 89.70	 5.89e+00	 7.42e+00	  2.6e-02	   8	   8	  68	 269.1	 6.89e+00	  1.1e-01	  4.82	 8.17e+00	 7.55e+00	  1.2e-01	  13	  13	  71	 337.0	 5.23e+00	  1.9e-01	  1.93	 5.46e+00	 5.24e+00	  1.9e-01	  18	  18	 169	 208.7	 3.91e+00	  2.5e-01	  1.35	 4.23e+00	 4.35e+00	  2.8e-01	  25	  24	 144	 145.5	 2.67e+00	  2.3e-01	  1.06	 2.84e+00	  2.5e-01	  36	  36	 159	    113.9	 9.16e+00	  0.76	 2.75e+00	 1.21e+01	  22	  19	 205	   1	   5	protostellar
   123	043955.7+255007	  04:39:55.73	+25:50:07.4	   0.0	 7.08e-03	  8.9e-03	  0.40	 1.24e-01	-4.80e-01	 -6.1e-01	  70	  66	 124	   0.0	 2.60e-02	  2.6e-02	  0.07	 1.79e-01	 7.60e-01	  7.5e-01	  75	  63	 118	   6.6	 1.24e-01	  2.5e-02	  0.16	 3.35e-01	 6.54e-01	  1.3e-01	  51	  37	 143	  10.1	 1.89e-01	  4.5e-02	  0.19	 2.89e-01	 5.27e-01	  1.3e-01	  44	  32	 154	   7.8	 2.00e-01	  9.2e-02	  0.20	 3.08e-01	  1.4e-01	  48	  36	 156	      7.3	 6.15e-01	  0.12	 2.78e-01	 5.33e+00	  44	  20	 152	   0	   3	unbound starless
   124	043956.6+254706	  04:39:56.67	+25:47:06.7	   6.2	-1.05e-02	  1.7e-03	  3.37	-1.82e-01	-1.09e-01	  1.8e-02	  79	  59	 111	  10.6	 1.23e-01	  3.5e-02	  0.20	 3.57e-01	 4.49e-01	  1.3e-01	  57	  14	 208	  13.4	 3.56e-01	  7.9e-02	  0.31	 9.46e-01	 2.25e+00	  5.0e-01	  52	  35	 204	  13.7	 4.51e-01	  1.1e-01	  0.29	 7.37e-01	 1.66e+00	  4.0e-01	  54	  34	 204	  14.6	 4.15e-01	  1.5e-01	  0.26	 8.61e-01	  3.0e-01	  66	  36	 200	     18.9	 1.51e+00	  0.18	 8.03e-01	 8.34e+00	  63	  23	 182	   0	   4	candidate prestellar
   125	043956.7+252627	  04:39:56.77	+25:26:27.0	   0.0	 1.64e-02	  9.9e-03	  0.86	 2.24e-01	-8.43e-02	 -5.1e-02	  49	  41	 128	   0.0	 3.40e-02	  1.8e-02	  0.08	 1.63e-01	 1.30e-01	  7.0e-02	  43	  33	 107	   6.1	 8.21e-02	  3.7e-02	  0.09	 1.52e-01	 2.34e-01	  1.1e-01	  42	  20	 102	   6.2	 1.20e-01	  5.0e-02	  0.11	 1.60e-01	 2.19e-01	  9.2e-02	  42	  24	 108	   6.1	 1.01e-01	  5.0e-02	  0.10	 1.12e-01	  5.5e-02	  49	  36	 107	      7.6	 3.92e-01	  0.07	 1.69e-01	 5.36e+00	  42	  20	 117	   0	   3	unbound starless
   126	043957.8+254342	  04:39:57.86	+25:43:42.1	   0.0	 2.14e-02	  1.4e-02	  0.63	 3.86e-01	 1.37e-01	  8.8e-02	  76	  71	 152	   1.0	-4.44e-02	  4.6e-02	 -0.06	-2.01e-01	-3.62e-01	  3.8e-01	  74	  24	  97	  13.3	 3.81e-01	  8.5e-02	  0.24	 1.16e+00	 2.92e+00	  6.5e-01	  63	  45	 167	  15.1	 4.93e-01	  1.4e-01	  0.23	 9.22e-01	 2.47e+00	  7.2e-01	  69	  47	 178	  16.6	 3.95e-01	  2.1e-01	  0.18	 9.43e-01	  5.0e-01	  65	  42	 207	     27.2	 1.31e+00	  0.11	 6.40e-01	 1.15e+01	  74	  19	  38	   3	   3	unbound starless
   127	043958.2+255436	  04:39:58.26	+25:54:36.5	   4.6	-1.45e-02	  3.1e-03	  2.53	-1.90e-01	-5.40e-02	  1.2e-02	  78	  30	  88	   0.0	 5.61e-02	  2.3e-02	  0.16	 3.95e-01	 1.15e+00	  4.7e-01	  74	  69	 126	   8.9	 1.59e-01	  2.1e-02	  0.23	 4.49e-01	 1.00e+00	  1.3e-01	  72	  34	 188	  11.8	 2.30e-01	  3.3e-02	  0.28	 3.80e-01	 7.64e-01	  1.1e-01	  63	  32	 188	  14.5	 2.58e-01	  3.4e-02	  0.34	 5.26e-01	  6.9e-02	  70	  37	 184	     11.7	 1.10e+00	  0.26	 7.02e-01	 4.27e+00	  58	  33	 186	   1	   3	unbound starless
   128	043958.4+261843	  04:39:58.41	+26:18:43.1	   0.0	 1.73e-02	  1.1e-02	  0.76	 2.93e-01	 2.35e-01	  1.5e-01	  69	  59	 121	   0.0	 2.36e-02	  2.4e-02	  0.09	 1.49e-01	 4.77e-01	  4.8e-01	  60	  52	 212	   0.0	 8.16e-02	  2.9e-02	  0.14	 2.27e-01	 6.56e-01	  2.3e-01	  46	  43	 206	   9.6	 1.30e-01	  4.8e-02	  0.17	 1.41e-01	 1.66e-01	  6.1e-02	  24	  24	  84	  13.3	 1.59e-01	  6.0e-02	  0.21	 1.87e-01	  7.0e-02	  36	  36	  64	     11.9	 6.48e-01	  0.13	 1.63e-01	 5.00e+00	  18	  18	 111	   3	   2	robust prestellar
   129	043959.6+260428	  04:39:59.64	+26:04:28.1	   0.0	 4.54e-03	  4.6e-03	  0.54	 7.62e-02	-2.13e-02	 -2.2e-02	  65	  59	 127	   0.0	 9.06e-12	  4.5e-02	  0.00	 4.50e-11	-1.04e-01	 -5.1e+08	  45	  35	  78	  12.8	 3.96e-01	  2.0e-01	  0.27	 9.09e-01	 1.84e+00	  9.1e-01	  58	  25	 212	  23.6	 7.85e-01	  3.6e-01	  0.40	 1.22e+00	 2.40e+00	  1.1e+00	  64	  28	  39	  29.7	 1.04e+00	  3.6e-01	  0.56	 2.11e+00	  7.2e-01	  65	  37	 212	     27.9	 2.77e+00	  0.24	 1.44e+00	 1.16e+01	  69	  21	  43	   3	   3	robust prestellar
   130	044002.8+260440	  04:40:02.80	+26:04:40.9	   0.0	 8.26e-03	  9.9e-03	  0.41	 1.65e-01	-9.31e-01	 -1.1e+00	 119	  98	 123	   6.1	 7.90e-02	  4.4e-02	  0.15	 3.49e-01	 8.00e-01	  4.4e-01	  96	  22	  61	  13.9	 2.99e-01	  1.1e-01	  0.22	 7.20e-01	 1.95e+00	  7.3e-01	  80	  25	  40	  27.6	 5.48e-01	  2.3e-01	  0.29	 8.26e-01	 2.18e+00	  9.4e-01	  87	  24	  39	  36.7	 7.05e-01	  2.7e-01	  0.41	 2.30e+00	  8.9e-01	 104	  36	 216	     29.6	 2.67e+00	  0.28	 1.52e+00	 9.57e+00	  67	  25	  44	   3	   4	candidate prestellar
   131	044002.9+255754	  04:40:02.90	+25:57:54.6	   3.8	-1.19e-02	  3.1e-03	  2.13	-2.21e-01	 3.91e-01	 -1.0e-01	 102	  68	 174	   6.5	 1.30e-01	  3.8e-02	  0.39	 8.23e-01	 2.61e+00	  7.6e-01	  77	  45	  48	  18.3	 5.71e-01	  9.5e-02	  0.67	 1.79e+00	 6.76e+00	  1.1e+00	  68	  46	 212	  16.1	 7.49e-01	  1.8e-01	  0.68	 1.40e+00	 5.00e+00	  1.2e+00	  68	  47	 212	  19.3	 6.68e-01	  1.6e-01	  0.59	 2.38e+00	  5.8e-01	  71	  52	 205	     23.8	 2.87e+00	  0.49	 2.09e+00	 5.89e+00	  64	  43	 207	   1	   4	candidate prestellar
   132	044002.9+260016	  04:40:02.96	+26:00:16.2	   0.0	 5.57e-03	  5.8e-03	  0.51	 1.12e-01	-4.14e-01	 -4.3e-01	 119	 103	  92	   7.4	 5.18e-02	  2.7e-02	  0.10	 2.45e-01	 6.29e-01	  3.3e-01	 109	  23	 214	  19.2	 5.02e-01	  8.5e-02	  0.47	 1.59e+00	 6.13e+00	  1.0e+00	  81	  44	 188	  23.1	 6.86e-01	  1.0e-01	  0.50	 1.29e+00	 4.67e+00	  6.9e-01	  81	  45	 188	  28.2	 6.58e-01	  1.5e-01	  0.46	 2.40e+00	  5.4e-01	  83	  49	 189	     32.8	 2.74e+00	  0.38	 2.06e+00	 7.22e+00	  86	  41	 188	   3	   4	robust prestellar
   133	044007.9+260525	  04:40:07.91	+26:05:25.2	  21.8	 3.12e-01	  1.4e-02	 27.37	 3.72e-01	 5.18e-01	  2.3e-02	   8	   8	  47	  11.2	 2.73e-01	  3.0e-02	  0.64	 3.31e-01	 2.52e-01	  2.8e-02	  13	  13	  44	  20.7	 2.85e-01	  7.6e-02	  0.26	 2.97e-01	 2.75e-01	  7.4e-02	  18	  18	  50	  12.1	 3.91e-01	  1.8e-01	  0.29	 4.80e-01	 5.45e-01	  2.5e-01	  32	  24	  50	  20.0	 5.14e-01	  1.7e-01	  0.40	 7.09e-01	  2.4e-01	  42	  36	  38	     12.2	 8.94e-01	  0.13	 2.63e-01	 6.93e+00	  22	  18	  56	   3	   5	protostellar
   134	044007.9+261251	  04:40:07.93	+26:12:51.8	   0.0	 3.42e-03	  1.8e-03	  1.08	 5.73e-02	-1.08e-02	 -5.8e-03	  72	  55	 194	   0.0	 9.23e-02	  1.9e-02	  0.38	 5.94e-01	 1.27e+00	  2.6e-01	  60	  57	  72	   0.0	 1.18e-01	  1.0e-02	  0.21	 3.13e-01	 7.38e-01	  6.4e-02	  60	  32	 205	   7.4	 1.39e-01	  2.3e-02	  0.25	 2.22e-01	 4.40e-01	  7.2e-02	  64	  30	 199	   8.9	 1.42e-01	  2.9e-02	  0.28	 2.42e-01	  4.9e-02	  63	  36	 198	      6.5	 4.71e-01	  0.13	 2.85e-01	 3.64e+00	  64	  28	 194	   0	   2	unbound starless
   135	044010.8+260110	  04:40:10.87	+26:01:10.5	   0.0	 9.06e-03	  8.0e-03	  0.61	 1.74e-01	 1.24e-01	  1.1e-01	 100	  81	  54	   0.0	 7.65e-02	  2.8e-02	  0.15	 5.47e-01	 1.40e+00	  5.2e-01	  87	  67	 168	   8.3	 1.74e-01	  7.6e-02	  0.19	 5.52e-01	 1.62e+00	  7.1e-01	  80	  45	  60	   7.6	 1.74e-01	  1.3e-01	  0.15	 2.98e-01	 7.65e-01	  5.9e-01	  78	  33	  56	   7.9	 2.02e-01	  1.2e-01	  0.18	 5.24e-01	  3.1e-01	  73	  45	  55	      6.9	 6.25e-01	  0.11	 4.28e-01	 5.44e+00	  75	  34	  44	   0	   3	unbound starless
   136	044013.9+260601	  04:40:13.92	+26:06:01.4	   0.0	 2.25e-03	  1.0e-30	 13.07	 3.13e-02	 5.91e-01	  2.6e-28	 116	  30	 197	   0.0	 8.92e-02	  2.4e-02	  0.23	 6.41e-01	 1.95e+00	  5.3e-01	  99	  64	  71	   0.0	 1.51e-01	  1.8e-02	  0.16	 5.03e-01	 2.19e+00	  2.6e-01	 108	  47	  70	   8.8	 3.27e-01	  9.1e-02	  0.36	 6.40e-01	 2.70e+00	  7.5e-01	  86	  51	  64	  10.4	 3.72e-01	  1.0e-01	  0.43	 1.68e+00	  4.6e-01	  83	  61	  67	      5.0	 1.17e+00	  0.26	 1.00e+00	 4.50e+00	  84	  69	  82	   0	   2	unbound starless
   137	044017.4+252224	  04:40:17.47	+25:22:24.2	   0.0	 1.32e-02	  8.6e-03	  0.77	 2.56e-01	 5.21e-01	  3.4e-01	  97	  94	 158	   6.8	 9.28e-02	  2.4e-02	  0.27	 6.11e-01	 2.00e+00	  5.2e-01	  83	  49	 187	   8.6	 1.97e-01	  2.2e-02	  0.29	 6.11e-01	 2.10e+00	  2.3e-01	  64	  46	 202	   9.6	 2.41e-01	  2.7e-02	  0.31	 4.41e-01	 1.37e+00	  1.5e-01	  62	  45	 203	   9.8	 2.08e-01	  2.4e-02	  0.28	 6.08e-01	  7.1e-02	  61	  49	 199	      9.0	 7.72e-01	  0.20	 5.73e-01	 3.94e+00	  61	  47	 211	   1	   4	unbound starless
   138	044019.8+252627	  04:40:19.85	+25:26:27.7	   0.0	 5.55e-03	  3.5e-03	  0.84	 7.44e-02	-2.52e-02	 -1.6e-02	  56	  36	 194	   0.0	 5.58e-02	  2.0e-02	  0.11	 2.75e-01	 2.70e-01	  9.8e-02	  48	  32	 188	   0.0	 1.15e-01	  1.2e-02	  0.10	 2.41e-01	 3.95e-01	  4.1e-02	  49	  23	 204	   7.1	 1.62e-01	  2.5e-02	  0.13	 2.20e-01	 3.24e-01	  4.9e-02	  42	  25	 203	   9.5	 1.49e-01	  3.4e-02	  0.12	 1.80e-01	  4.2e-02	  49	  36	 199	      7.9	 5.60e-01	  0.10	 2.79e-01	 5.77e+00	  40	  25	 199	   1	   2	unbound starless
   139	044022.3+260722	  04:40:22.30	+26:07:22.6	   0.0	 2.38e-02	  1.1e-02	  1.00	 4.73e-01	 4.69e-01	  2.2e-01	 107	 104	 109	   0.0	 9.79e-02	  2.5e-02	  0.30	 7.28e-01	 3.40e+00	  8.7e-01	 102	  75	 154	   9.2	 2.21e-01	  3.2e-02	  0.37	 7.12e-01	 2.73e+00	  3.9e-01	  71	  49	 178	  11.2	 1.18e-01	  4.3e-02	  0.13	 2.05e-01	 7.17e-01	  2.6e-01	  96	  33	 176	  12.3	 2.95e-01	  3.3e-02	  0.45	 1.16e+00	  1.3e-01	  76	  58	 202	     11.1	 1.28e+00	  0.34	 1.06e+00	 3.81e+00	  81	  61	 204	   1	   3	unbound starless
   140	044022.7+255832	  04:40:22.72	+25:58:32.3	   1.4	-1.46e-02	  1.1e-02	  0.73	-9.17e-02	 9.86e-02	 -7.2e-02	  47	  13	 138	   6.5	 1.04e-01	  1.9e-02	  0.54	 4.65e-01	 5.89e-01	  1.0e-01	  39	  31	 125	  10.6	 1.82e-01	  1.4e-02	  0.40	 2.58e-01	 3.76e-01	  2.9e-02	  27	  18	 134	   8.7	 1.88e-01	  2.6e-02	  0.35	 2.44e-01	 3.13e-01	  4.3e-02	  38	  24	 135	   8.4	 1.50e-01	  3.5e-02	  0.28	 1.51e-01	  3.5e-02	  39	  36	 140	      7.5	 5.98e-01	  0.17	 2.19e-01	 3.49e+00	  33	  18	 135	   1	   4	unbound starless
   141	044022.8+260421	  04:40:22.81	+26:04:21.3	   0.0	 4.92e-03	  6.4e-03	  0.42	 8.10e-02	-5.10e-02	 -6.7e-02	  67	  55	 152	   0.0	 1.14e-02	  1.5e-02	  0.05	 7.82e-02	 5.26e-01	  6.7e-01	  69	  65	 142	   6.1	 1.17e-01	  1.8e-02	  0.21	 2.64e-01	 5.51e-01	  8.7e-02	  40	  29	 202	   6.2	 1.00e-01	  3.5e-02	  0.15	 1.89e-01	 3.73e-01	  1.3e-01	  57	  56	 197	   7.3	 1.06e-01	  3.4e-02	  0.15	 1.48e-01	  4.7e-02	  46	  36	 147	      8.3	 5.61e-01	  0.14	 3.33e-01	 4.05e+00	  43	  34	  44	   3	   3	unbound starless
   142	044023.7+252932	  04:40:23.72	+25:29:32.9	   0.0	 1.82e-03	  2.7e-03	  0.37	 2.49e-02	 1.93e-01	  2.9e-01	  70	  33	 163	   0.0	 8.49e-02	  2.2e-02	  0.15	 4.77e-01	 7.80e-01	  2.0e-01	  52	  41	  68	  11.1	 2.33e-01	  4.1e-02	  0.22	 6.14e-01	 1.40e+00	  2.4e-01	  48	  36	  46	  14.2	 3.55e-01	  5.0e-02	  0.27	 5.52e-01	 1.05e+00	  1.5e-01	  49	  31	  48	  19.7	 4.05e-01	  6.5e-02	  0.31	 7.07e-01	  1.1e-01	  49	  38	  42	     19.4	 1.85e+00	  0.31	 1.10e+00	 6.03e+00	  44	  33	  47	   1	   3	unbound starless
   143	044029.3+252959	  04:40:29.32	+25:29:59.8	   0.0	-7.32e-03	  1.0e-30	 60.49	-1.41e-01	 4.74e-01	 -6.5e-29	  97	  88	  80	   0.0	 1.78e-02	  2.0e-02	  0.04	 1.34e-01	 1.22e+00	  1.4e+00	 101	  85	 170	   8.0	 2.06e-01	  5.5e-02	  0.19	 6.31e-01	 2.16e+00	  5.8e-01	  60	  46	  98	  12.0	 4.16e-01	  9.0e-02	  0.32	 8.00e-01	 2.98e+00	  6.5e-01	  66	  54	 116	  17.4	 5.09e-01	  1.2e-01	  0.38	 1.70e+00	  4.1e-01	  64	  53	 115	     22.2	 2.52e+00	  0.41	 1.91e+00	 6.07e+00	  60	  51	 134	   1	   3	robust prestellar
   144	044032.6+252901	  04:40:32.63	+25:29:01.2	   0.0	 3.55e-03	  6.4e-03	  0.29	 6.12e-02	-3.47e-01	 -6.2e-01	  68	  63	  66	   0.0	 4.64e-02	  1.6e-02	  0.10	 2.89e-01	 7.28e-01	  2.5e-01	  63	  48	 151	   6.9	 1.28e-01	  5.1e-02	  0.13	 3.11e-01	 6.25e-01	  2.5e-01	  45	  31	 108	   9.8	 2.38e-01	  9.0e-02	  0.19	 3.55e-01	 6.09e-01	  2.3e-01	  44	  30	  87	  12.6	 2.58e-01	  1.2e-01	  0.19	 4.05e-01	  1.9e-01	  51	  36	 104	     15.4	 1.18e+00	  0.18	 6.49e-01	 6.52e+00	  47	  27	 106	   3	   3	unbound starless
   145	044033.1+260234	  04:40:33.11	+26:02:34.7	   0.0	 1.39e-02	  9.7e-03	  0.71	 2.35e-01	-1.79e-01	 -1.3e-01	  66	  61	  59	   0.0	 9.83e-02	  2.2e-02	  0.31	 5.98e-01	 9.30e-01	  2.0e-01	  56	  49	  61	   6.9	 1.50e-01	  1.9e-02	  0.25	 2.85e-01	 4.70e-01	  6.0e-02	  35	  24	 141	   6.9	 1.38e-01	  2.4e-02	  0.19	 1.93e-01	 3.19e-01	  5.5e-02	  39	  28	 132	   8.0	 1.26e-01	  3.3e-02	  0.17	 1.62e-01	  4.2e-02	  42	  36	 124	      7.2	 5.07e-01	  0.11	 2.43e-01	 4.52e+00	  47	  21	 138	   3	   3	unbound starless
   146	044040.6+252957	  04:40:40.60	+25:29:57.2	   0.0	 4.27e-03	  5.2e-03	  0.43	 8.48e-02	 1.73e-01	  2.1e-01	 119	  93	  66	   0.0	 1.87e-02	  1.9e-02	  0.04	 1.47e-01	-6.11e-01	 -6.1e-01	 119	 101	 167	  12.7	 3.13e-01	  5.3e-02	  0.26	 8.54e-01	 2.55e+00	  4.3e-01	  82	  31	 216	  22.0	 5.76e-01	  9.4e-02	  0.36	 1.02e+00	 3.13e+00	  5.1e-01	  86	  35	 214	  33.4	 6.91e-01	  1.2e-01	  0.41	 1.96e+00	  3.4e-01	  83	  37	 217	     53.5	 4.16e+00	  0.50	 2.88e+00	 8.27e+00	  83	  34	 215	   1	   3	robust prestellar
   147	044041.1+252912	  04:40:41.13	+25:29:12.2	   0.0	 1.97e-03	  9.4e-04	  1.20	 8.54e-03	 1.27e-01	  6.0e-02	  56	   8	 199	   0.0	 1.46e-02	  1.6e-02	  0.03	 7.17e-02	 1.15e-01	  1.3e-01	  46	  34	  53	  10.9	 2.26e-01	  3.3e-02	  0.21	 3.24e-01	 4.46e-01	  6.6e-02	  24	  21	  61	  14.9	 3.95e-01	  8.7e-02	  0.27	 4.64e-01	 5.55e-01	  1.2e-01	  29	  24	  62	  21.7	 4.32e-01	  1.4e-01	  0.28	 4.65e-01	  1.5e-01	  36	  36	  49	     23.0	 2.21e+00	  0.29	 9.39e-01	 7.67e+00	  34	  22	  38	   3	   3	candidate prestellar
   148	044042.0+262253	  04:40:42.06	+26:22:53.5	   0.0	 1.83e-03	  7.1e-04	 -1.47	 3.96e-02	 2.49e+00	  9.7e-01	 258	 226	 125	   6.3	 1.35e-01	  3.1e-02	  6.04	 1.10e+00	 1.96e+01	  4.6e+00	 185	 128	 141	   7.3	 2.29e-01	  1.9e-02	  1.86	 8.71e-01	 1.14e+01	  9.6e-01	 165	  81	 148	   8.9	 2.98e-01	  2.3e-02	  1.91	 6.51e-01	 9.73e+00	  7.5e-01	 178	  93	 148	  10.3	 3.19e-01	  3.0e-02	  1.90	 5.05e+00	  4.7e-01	 181	  95	 147	      8.5	 1.11e+00	  0.57	 1.03e+00	 1.97e+00	 164	  83	 152	   3	   4	unbound starless
   149	044050.1+255525	  04:40:50.18	+25:55:25.1	   2.7	-1.37e-02	  5.1e-03	  1.44	-1.60e-01	-1.13e-01	  4.2e-02	  62	  27	  55	   0.0	 5.03e-02	  2.2e-02	  0.12	 3.11e-01	 6.06e-01	  2.7e-01	  57	  52	  72	   6.2	 9.36e-02	  1.7e-02	  0.10	 1.99e-01	 3.45e-01	  6.3e-02	  55	  22	 215	   8.9	 1.70e-01	  1.8e-02	  0.15	 2.43e-01	 4.08e-01	  4.3e-02	  48	  26	 204	   8.9	 1.28e-01	  2.2e-02	  0.10	 2.24e-01	  3.9e-02	  61	  36	 213	     10.9	 7.64e-01	  0.12	 4.30e-01	 6.50e+00	  55	  26	 215	   0	   3	unbound starless
   150	044050.9+253326	  04:40:50.99	+25:33:26.3	   0.0	 1.92e-03	  5.9e-03	  0.18	 3.16e-02	-2.09e-01	 -6.4e-01	  61	  59	 161	   0.0	 7.51e-02	  2.2e-02	  0.16	 5.00e-01	 1.49e+00	  4.3e-01	  71	  56	  46	   7.1	 1.54e-01	  2.0e-02	  0.18	 3.75e-01	 8.33e-01	  1.1e-01	  47	  31	  48	   8.0	 1.90e-01	  3.3e-02	  0.19	 2.98e-01	 5.88e-01	  1.0e-01	  50	  32	  46	   9.6	 1.81e-01	  4.9e-02	  0.18	 3.36e-01	  9.1e-02	  59	  36	 217	      8.0	 6.36e-01	  0.13	 4.02e-01	 4.83e+00	  53	  33	  41	   0	   3	unbound starless
   151	044051.2+260046	  04:40:51.29	+26:00:46.2	   0.0	 1.92e-02	  1.2e-02	  0.59	 3.62e-01	-6.31e-01	 -4.1e-01	  91	  80	 168	   0.0	 7.98e-02	  2.1e-02	  0.22	 5.63e-01	 1.60e+00	  4.3e-01	  87	  63	 200	   6.8	 9.98e-02	  2.0e-02	  0.13	 3.21e-01	 1.06e+00	  2.1e-01	  88	  45	 194	   7.9	 1.83e-01	  3.0e-02	  0.20	 3.44e-01	 1.04e+00	  1.7e-01	  68	  48	 196	   9.7	 1.84e-01	  3.7e-02	  0.20	 4.59e-01	  9.3e-02	  62	  45	 200	      9.3	 7.96e-01	  0.16	 5.72e-01	 4.99e+00	  57	  44	 194	   3	   3	unbound starless
   152	044052.0+255510	  04:40:52.05	+25:55:10.1	   0.0	 1.69e-02	  9.1e-03	  0.94	 3.12e-01	-2.12e-01	 -1.1e-01	  81	  75	  43	   0.0	 4.81e-03	  1.8e-02	  0.01	 3.27e-02	 8.89e-02	  3.2e-01	  69	  62	 158	   6.8	 1.71e-01	  2.4e-02	  0.19	 3.99e-01	 8.83e-01	  1.3e-01	  40	  31	 125	   9.4	 2.28e-01	  3.0e-02	  0.19	 3.65e-01	 8.13e-01	  1.1e-01	  44	  36	 140	   9.4	 1.68e-01	  2.4e-02	  0.13	 2.69e-01	  3.8e-02	  45	  36	 132	     13.1	 1.18e+00	  0.17	 7.26e-01	 7.12e+00	  40	  38	 207	   3	   3	unbound starless
   153	044055.9+260823	  04:40:55.95	+26:08:23.4	   0.0	 9.89e-03	  7.1e-03	  0.75	 1.78e-01	 4.68e-02	  3.4e-02	  79	  70	 145	   0.0	 4.25e-02	  1.9e-02	  0.25	 2.93e-01	 9.94e-01	  4.5e-01	  73	  64	 155	  10.2	 2.00e-01	  2.8e-02	  0.41	 4.92e-01	 1.20e+00	  1.7e-01	  45	  32	 169	  13.8	 3.04e-01	  4.9e-02	  0.41	 4.65e-01	 9.24e-01	  1.5e-01	  44	  32	 178	  19.5	 3.56e-01	  5.7e-02	  0.41	 6.10e-01	  9.7e-02	  50	  36	 162	     23.3	 1.78e+00	  0.32	 1.05e+00	 5.50e+00	  50	  30	 181	   1	   3	unbound starless
   154	044058.3+252744	  04:40:58.37	+25:27:44.5	   1.9	-6.65e-03	  3.5e-03	  1.05	-1.22e-01	 4.16e-01	 -2.2e-01	  90	  69	 161	   6.0	 1.10e-01	  2.6e-02	  0.27	 7.07e-01	 1.96e+00	  4.6e-01	  71	  50	  71	   6.6	 1.69e-01	  1.6e-02	  0.20	 5.01e-01	 1.52e+00	  1.4e-01	  52	  47	  54	   6.8	 1.87e-01	  2.2e-02	  0.18	 3.28e-01	 9.19e-01	  1.1e-01	  51	  44	  47	   7.6	 1.54e-01	  4.2e-02	  0.15	 3.43e-01	  9.4e-02	  55	  42	  49	      7.4	 6.88e-01	  0.14	 4.17e-01	 5.02e+00	  46	  33	 211	   1	   4	unbound starless
   155	044059.9+260328	  04:40:59.96	+26:03:28.9	   0.0	-2.44e-02	  1.0e-30	152.59	-3.70e-01	 7.86e-02	 -3.2e-30	  94	  38	 175	   0.0	 5.64e-02	  2.3e-02	  0.20	 4.16e-01	 1.70e+00	  7.1e-01	  87	  81	 171	   7.6	 1.63e-01	  2.3e-02	  0.25	 4.32e-01	 1.29e+00	  1.8e-01	  63	  32	 122	   9.7	 2.99e-01	  4.6e-02	  0.37	 5.10e-01	 1.44e+00	  2.2e-01	  58	  37	 131	  14.0	 3.27e-01	  5.5e-02	  0.37	 7.48e-01	  1.3e-01	  62	  38	 129	     16.2	 1.76e+00	  0.35	 1.15e+00	 5.00e+00	  58	  34	 129	   3	   3	unbound starless
   156	044100.0+255338	  04:41:00.03	+25:53:38.9	   2.6	-3.24e-02	  1.2e-02	  1.24	-5.40e-01	-4.98e-01	  1.9e-01	  72	  54	 217	   0.0	 3.63e-02	  2.0e-02	  0.07	 2.51e-01	 1.39e-01	  7.7e-02	  75	  63	 141	   8.7	 1.42e-01	  2.5e-02	  0.10	 3.93e-01	 1.01e+00	  1.8e-01	  76	  32	 159	  13.6	 2.99e-01	  7.5e-02	  0.14	 4.65e-01	 1.02e+00	  2.6e-01	  74	  27	 162	  14.5	 3.80e-01	  8.5e-02	  0.18	 7.25e-01	  1.6e-01	  65	  36	 154	     22.2	 1.57e+00	  0.12	 8.12e-01	 1.26e+01	  65	  22	 163	   3	   3	robust prestellar
   157	044100.4+260237	  04:41:00.44	+26:02:37.3	   0.4	-3.18e-03	  7.4e-03	 -0.18	-1.82e-02	-1.06e-02	  2.5e-02	  55	  11	  59	   0.0	 1.75e-03	  1.5e-02	  0.01	 9.58e-03	 7.81e-02	  6.8e-01	  60	  35	  75	   9.0	 1.85e-01	  2.1e-02	  0.32	 4.18e-01	 7.77e-01	  8.6e-02	  45	  27	  38	  11.0	 2.94e-01	  5.3e-02	  0.40	 4.08e-01	 6.54e-01	  1.2e-01	  44	  26	  41	  11.2	 2.56e-01	  5.0e-02	  0.33	 2.97e-01	  5.8e-02	  38	  36	  46	     18.2	 1.80e+00	  0.41	 9.20e-01	 4.38e+00	  40	  26	 212	   3	   3	unbound starless
   158	044109.4+255110	  04:41:09.47	+25:51:10.9	   0.0	 5.49e-03	  3.7e-03	  0.82	 9.16e-02	 4.27e-01	  2.8e-01	  71	  54	 125	   3.4	-3.77e-02	  1.1e-02	 -0.08	-1.44e-01	-1.71e-01	  5.0e-02	  62	  19	 170	   6.2	 1.02e-01	  2.9e-02	  0.07	 2.25e-01	 3.86e-01	  1.1e-01	  50	  25	 198	  15.6	 4.21e-01	  1.4e-01	  0.18	 5.94e-01	 9.99e-01	  3.3e-01	  45	  26	 179	  24.8	 6.35e-01	  1.7e-01	  0.24	 1.03e+00	  2.7e-01	  54	  36	 172	     39.3	 3.27e+00	  0.20	 1.53e+00	 1.61e+01	  47	  21	 180	   3	   3	unbound starless
   159	044112.7+254633	  04:41:12.71	+25:46:33.8	 344.4	 4.75e+00	  1.7e-02	 71.21	 6.07e+00	 9.05e+00	  3.3e-02	   9	   8	 113	 405.4	 9.23e+00	  2.8e-02	 16.95	 1.09e+01	 1.52e+01	  4.6e-02	  13	  13	 104	 425.9	 6.03e+00	  5.9e-02	  3.73	 6.29e+00	 9.35e+00	  9.2e-02	  18	  18	 203	 207.4	 3.65e+00	  1.5e-01	  1.31	 3.94e+00	 3.78e+00	  1.6e-01	  24	  24	 206	 118.8	 1.96e+00	  2.5e-01	  0.68	 2.12e+00	  2.7e-01	  36	  36	 146	     19.0	 1.57e+00	  0.09	 5.29e-01	 1.66e+01	  28	  18	 179	   3	   5	protostellar
   160	044113.2+252640	  04:41:13.23	+25:26:40.8	   7.5	-1.72e-02	  2.3e-03	  4.22	-3.05e-01	-1.82e-02	  2.4e-03	  93	  58	  58	   0.0	 5.47e-02	  2.0e-02	  0.12	 4.02e-01	 1.26e+00	  4.6e-01	 110	  67	 216	   0.0	 8.03e-02	  1.8e-02	  0.07	 2.38e-01	 8.67e-01	  1.9e-01	  71	  39	  41	   5.5	 9.16e-02	  5.2e-02	  0.07	 1.66e-01	 5.43e-01	  3.1e-01	  91	  38	  50	   9.0	 1.50e-01	  6.1e-02	  0.13	 5.11e-01	  2.1e-01	  84	  48	  43	      5.8	 4.69e-01	  0.08	 3.75e-01	 5.54e+00	  86	  50	 215	   3	   2	unbound starless
   161	044114.3+254935	  04:41:14.37	+25:49:35.0	   0.0	 2.92e-02	  1.3e-02	  0.88	 5.71e-01	-2.93e-01	 -1.3e-01	 103	  92	 100	   0.0	 1.35e-02	  2.0e-02	  0.03	 1.03e-01	 6.67e-02	  1.0e-01	 107	  88	  68	   9.7	 2.13e-01	  5.6e-02	  0.14	 6.16e-01	 1.75e+00	  4.6e-01	  62	  39	 129	  17.6	 3.36e-01	  1.6e-01	  0.12	 5.29e-01	 1.37e+00	  6.6e-01	  76	  27	 132	  28.5	 5.63e-01	  2.4e-01	  0.19	 1.61e+00	  6.9e-01	  94	  36	 126	     36.3	 2.84e+00	  0.16	 1.65e+00	 1.77e+01	  74	  25	 133	   3	   3	unbound starless
   162	044120.2+250140	  04:41:20.27	+25:01:40.3	   0.0	 5.48e-03	  3.6e-04	 -8.37	 1.08e-01	 2.10e-01	  1.4e-02	 109	  93	  81	   0.0	 1.29e-01	  3.1e-02	  0.44	 9.32e-01	 4.00e+00	  9.6e-01	  91	  70	  39	   6.0	 1.53e-01	  3.1e-02	  0.32	 4.21e-01	 1.36e+00	  2.7e-01	  74	  32	 212	   8.6	 2.81e-01	  6.1e-02	  0.53	 5.08e-01	 1.81e+00	  3.9e-01	  72	  40	 208	  10.7	 2.94e-01	  8.4e-02	  0.56	 1.08e+00	  3.1e-01	  80	  47	 210	      9.4	 1.07e+00	  0.32	 7.84e-01	 3.31e+00	  73	  41	 210	   3	   3	unbound starless
   163	044121.8+260232	  04:41:21.86	+26:02:32.2	   0.0	-2.75e-04	  5.6e-03	 -0.03	-3.52e-03	 4.83e-02	 -9.8e-01	 143	  26	  97	   0.0	 5.88e-02	  3.2e-02	  0.16	 4.62e-01	 3.56e+00	  2.0e+00	 113	 109	 118	   9.3	 1.45e-01	  6.3e-02	  0.14	 4.93e-01	 2.05e+00	  8.9e-01	  98	  53	  85	  23.0	 5.99e-01	  2.6e-01	  0.41	 1.17e+00	 4.70e+00	  2.0e+00	  88	  51	 141	  38.5	 8.01e-01	  4.1e-01	  0.42	 2.81e+00	  1.4e+00	  93	  46	 146	     34.3	 2.91e+00	  0.28	 2.20e+00	 1.04e+01	  86	  42	 146	   3	   3	robust prestellar
   164	044129.4+260458	  04:41:29.49	+26:04:58.4	   3.5	-2.05e-02	  5.8e-03	  1.84	-2.47e-01	 2.59e-02	 -7.4e-03	  48	  32	 170	   7.9	 3.53e-02	  4.0e-02	  0.07	 1.46e-01	 3.56e-01	  4.0e-01	  61	  22	 156	  13.9	 1.53e-01	  7.2e-02	  0.10	 3.09e-01	 4.67e-01	  2.2e-01	  52	  21	 144	  14.4	 3.19e-01	  1.5e-01	  0.16	 4.73e-01	 7.60e-01	  3.6e-01	  44	  30	 130	  12.8	 4.30e-01	  2.9e-01	  0.22	 6.85e-01	  4.6e-01	  50	  38	 168	      8.6	 6.20e-01	  0.05	 2.92e-01	 1.14e+01	  55	  20	 161	   0	   4	robust prestellar
   165	044129.9+260618	  04:41:29.95	+26:06:18.1	   3.7	-4.83e-02	  1.3e-02	  1.41	-2.58e-01	-5.71e-02	  1.6e-02	  42	  11	  68	   7.3	 7.90e-02	  4.5e-02	  0.21	 2.50e-01	 3.68e-01	  2.1e-01	  49	  16	 156	  16.0	 2.46e-01	  5.9e-02	  0.22	 3.93e-01	 5.87e-01	  1.4e-01	  36	  18	 143	  22.2	 4.44e-01	  1.7e-01	  0.32	 6.01e-01	 8.63e-01	  3.4e-01	  44	  24	 152	  20.2	 5.13e-01	  1.9e-01	  0.38	 6.89e-01	  2.5e-01	  49	  36	 163	     19.2	 1.35e+00	  0.16	 5.34e-01	 8.59e+00	  37	  18	 142	   0	   4	robust prestellar
   166	044132.4+260338	  04:41:32.45	+26:03:38.0	   4.9	-6.46e-03	  1.3e-03	  2.71	-8.30e-02	 2.58e-01	 -5.2e-02	  77	  29	 182	  21.1	 3.22e-01	  4.8e-02	  0.83	 2.13e+00	 8.09e+00	  1.2e+00	  66	  58	  95	  43.4	 9.48e-01	  7.1e-02	  0.69	 2.72e+00	 8.14e+00	  6.1e-01	  55	  40	 143	  55.5	 1.41e+00	  2.7e-01	  0.73	 2.51e+00	 7.29e+00	  1.4e+00	  58	  42	 148	  70.1	 1.44e+00	  4.5e-01	  0.63	 3.67e+00	  1.1e+00	  63	  43	 156	     80.8	 7.78e+00	  0.67	 4.93e+00	 1.17e+01	  51	  34	 155	   1	   4	unbound starless
   167	044136.1+252535	  04:41:36.17	+25:25:35.4	   0.0	 1.84e-03	  2.0e-03	  0.53	 2.80e-02	 2.63e-02	  2.8e-02	  60	  47	 134	   0.0	 3.98e-02	  2.1e-02	  0.10	 2.74e-01	 5.76e-01	  3.1e-01	  77	  60	 142	   0.0	 8.07e-02	  1.7e-02	  0.08	 2.14e-01	 4.57e-01	  9.7e-02	  43	  40	 101	   6.1	 1.25e-01	  6.6e-02	  0.10	 1.68e-01	 2.82e-01	  1.5e-01	  44	  24	 127	   8.4	 1.71e-01	  3.7e-02	  0.16	 3.80e-01	  8.1e-02	  53	  48	 168	      6.8	 7.78e-01	  0.13	 3.52e-01	 5.82e+00	  37	  23	 136	   3	   2	unbound starless
   168	044136.3+245956	  04:41:36.34	+24:59:56.2	   1.6	-1.07e-02	  6.7e-03	  0.90	-2.26e-01	 1.40e+00	 -8.8e-01	 218	 128	 125	   0.0	 8.04e-02	  3.5e-02	  0.34	 6.72e-01	 2.05e+01	  8.8e+00	 221	 208	  55	   0.0	 1.61e-01	  2.6e-02	  0.26	 6.37e-01	 1.13e+01	  1.8e+00	 160	 131	  65	   8.9	 2.90e-01	  3.6e-02	  0.66	 6.41e-01	 9.73e+00	  1.2e+00	 163	 118	  61	  12.3	 2.68e-01	  5.4e-02	  0.49	 3.50e+00	  7.0e-01	 176	  88	  62	     11.4	 9.51e-01	  0.28	 8.87e-01	 3.35e+00	 164	  93	  60	   1	   2	unbound starless
   169	044136.6+254338	  04:41:36.69	+25:43:38.8	   0.0	 1.22e-03	  2.4e-03	 -0.29	 1.46e-02	 2.99e-01	  5.9e-01	  66	  27	  41	  11.3	-6.67e-02	  5.9e-03	 -0.16	-2.33e-01	-8.06e-02	  7.2e-03	  59	  17	 164	   6.3	 1.20e-01	  2.5e-02	  0.09	 2.37e-01	 4.08e-01	  8.6e-02	  38	  24	 192	  10.7	 2.70e-01	  7.8e-02	  0.12	 3.95e-01	 6.31e-01	  1.8e-01	  43	  29	 172	  14.4	 3.20e-01	  7.9e-02	  0.14	 4.01e-01	  1.0e-01	  45	  36	 165	     17.2	 1.26e+00	  0.09	 5.24e-01	 1.47e+01	  38	  20	 172	   1	   3	candidate prestellar
   170	044138.1+260028	  04:41:38.11	+26:00:28.3	   0.0	 4.11e-03	  4.9e-03	  0.43	 8.39e-02	-1.21e+00	 -1.4e+00	 134	 113	  54	   0.0	 6.19e-03	  1.7e-02	  0.02	 5.02e-02	 1.72e+00	  4.7e+00	 169	 124	 174	  12.4	 2.68e-01	  5.3e-02	  0.22	 8.59e-01	 3.75e+00	  7.4e-01	 103	  42	 137	  38.8	 5.01e-01	  2.5e-01	  0.21	 8.92e-01	 3.74e+00	  1.8e+00	 121	  34	 135	  69.3	 9.66e-01	  4.0e-01	  0.35	 4.16e+00	  1.7e+00	 119	  40	 143	    102.5	 7.05e+00	  0.44	 5.34e+00	 1.61e+01	 110	  40	 139	   1	   3	candidate prestellar
   171	044138.7+255626	  04:41:38.79	+25:56:26.8	 131.0	 2.24e+00	  1.7e-02	213.66	 2.66e+00	 2.72e+00	  2.0e-02	   8	   8	 105	 105.7	 2.67e+00	  2.3e-02	 15.83	 3.17e+00	 2.43e+00	  2.1e-02	  13	  13	 118	  98.6	 1.38e+00	  2.9e-02	  3.55	 1.44e+00	 1.19e+00	  2.5e-02	  18	  18	 171	  44.0	 6.88e-01	  5.0e-02	  1.48	 7.43e-01	 5.74e-01	  4.2e-02	  24	  24	 159	  19.9	 2.75e-01	  5.0e-02	  0.56	 1.98e-01	  3.6e-02	  36	  36	 167	      8.2	 6.11e-01	  0.18	 1.96e-01	 3.44e+00	  26	  18	 153	   0	   5	protostellar
   172	044139.9+255838	  04:41:39.94	+25:58:38.5	   0.0	 2.11e-03	  1.8e-03	  0.65	 3.45e-02	-1.47e-01	 -1.2e-01	  69	  52	 154	   0.0	 3.37e-03	  1.8e-02	  0.01	 2.38e-02	 1.01e+00	  5.5e+00	  84	  64	 201	   7.0	 8.21e-02	  2.0e-02	  0.07	 1.58e-01	 2.45e-01	  6.0e-02	  53	  19	 108	  17.5	 4.55e-01	  2.3e-01	  0.28	 8.49e-01	 2.22e+00	  1.1e+00	  55	  54	 120	  34.5	 7.29e-01	  3.6e-01	  0.39	 1.47e+00	  7.2e-01	  54	  45	 126	     31.2	 3.41e+00	  0.29	 1.95e+00	 1.19e+01	  42	  32	 150	   0	   3	robust prestellar
   173	044144.7+255833	  04:41:44.75	+25:58:33.5	   0.0	 2.20e-03	  1.7e-03	  0.77	 2.25e-02	-5.22e-02	 -4.0e-02	  44	  25	 119	   0.0	 5.27e-02	  2.9e-02	  0.22	 1.95e-01	 6.83e-02	  3.7e-02	  32	  26	  83	   7.5	 7.79e-02	  2.6e-02	  0.10	 1.20e-01	 1.42e-01	  4.8e-02	  31	  19	  52	  11.0	 2.00e-01	  1.1e-01	  0.16	 2.48e-01	 2.64e-01	  1.4e-01	  31	  26	 104	  10.9	 3.62e-01	  1.8e-01	  0.29	 4.10e-01	  2.0e-01	  36	  36	 205	      8.4	 3.80e-01	  0.04	 1.31e-01	 9.23e+00	  26	  20	  67	   0	   3	unbound starless
   174	044149.8+253518	  04:41:49.89	+25:35:18.1	   0.0	 1.36e-03	  1.3e-03	 -0.61	 8.99e-03	 2.46e-01	  2.4e-01	  41	  15	  85	   2.1	-2.60e-02	  1.2e-02	 -0.07	-1.22e-01	 1.78e-01	 -8.5e-02	  66	  26	 192	   0.0	 1.04e-01	  4.0e-02	  0.09	 2.37e-01	 4.72e-01	  1.8e-01	  49	  26	  56	   6.9	 1.04e-01	  5.8e-02	  0.08	 1.49e-01	 2.66e-01	  1.5e-01	  52	  25	  57	   7.1	 1.08e-01	  4.3e-02	  0.08	 1.84e-01	  7.4e-02	  57	  36	  72	      8.6	 4.68e-01	  0.07	 2.81e-01	 6.90e+00	  54	  30	  60	   0	   2	unbound starless
   175	044152.1+253801	  04:41:52.10	+25:38:01.0	   0.4	-1.13e-03	  3.0e-03	  0.21	-2.11e-02	 7.96e-01	 -2.1e+00	  99	  69	  78	   0.0	 5.77e-02	  2.6e-02	  0.10	 4.44e-01	 2.57e+00	  1.1e+00	 111	  91	 138	   6.9	 1.58e-01	  6.1e-02	  0.09	 4.70e-01	 1.64e+00	  6.4e-01	  89	  36	 139	  15.3	 2.93e-01	  1.2e-01	  0.12	 5.25e-01	 1.72e+00	  6.8e-01	  92	  36	 138	  21.5	 3.93e-01	  1.3e-01	  0.15	 1.17e+00	  3.9e-01	  92	  37	 140	     19.7	 1.61e+00	  0.12	 1.15e+00	 1.40e+01	  85	  37	 139	   3	   3	unbound starless
   176	044210.1+252250	  04:42:10.12	+25:22:50.5	   0.0	 2.16e-02	  1.2e-02	  0.92	 2.80e-01	 3.98e-01	  2.1e-01	  44	  39	  53	   0.0	 1.58e-01	  2.5e-02	  0.29	 7.10e-01	 1.42e+00	  2.2e-01	  36	  33	 137	  11.3	 2.29e-01	  6.7e-02	  0.26	 4.15e-01	 6.08e-01	  1.8e-01	  34	  22	 134	   7.3	 2.78e-01	  5.5e-02	  0.32	 3.87e-01	 5.20e-01	  1.0e-01	  38	  28	 135	   6.9	 2.13e-01	  3.8e-02	  0.31	 2.36e-01	  4.2e-02	  36	  36	 133	      5.2	 4.48e-01	  0.11	 1.51e-01	 3.94e+00	  25	  19	 192	   3	   3	unbound starless
   177	044210.9+252144	  04:42:10.93	+25:21:44.0	   5.7	-1.34e-02	  2.4e-03	  3.16	-2.77e-01	 3.01e-03	 -5.3e-04	 182	 106	  59	   0.0	 1.16e-01	  3.2e-02	  0.29	 9.53e-01	 1.39e+01	  3.8e+00	 159	 150	  55	   0.0	 1.88e-01	  3.2e-02	  0.21	 7.41e-01	 9.92e+00	  1.7e+00	 146	 128	 125	   6.5	 1.30e-01	  4.6e-02	  0.15	 2.64e-01	 1.60e+00	  5.7e-01	 154	  54	 113	   8.1	 2.40e-01	  4.3e-02	  0.35	 2.59e+00	  4.7e-01	 137	 103	 106	      7.7	 7.16e-01	  0.18	 6.60e-01	 3.96e+00	 136	  90	  89	   3	   3	unbound starless
   178	044224.6+252923	  04:42:24.66	+25:29:23.7	   0.0	 7.70e-03	  3.3e-03	  1.26	 1.57e-01	 6.51e-01	  2.8e-01	 123	 117	  41	   6.7	 9.36e-02	  2.9e-02	  0.41	 6.86e-01	 3.27e+00	  1.0e+00	 104	  68	  49	   6.3	 1.43e-01	  2.8e-02	  0.27	 4.78e-01	 2.26e+00	  4.4e-01	  87	  52	 213	   6.8	 1.90e-01	  3.4e-02	  0.33	 3.66e-01	 1.56e+00	  2.8e-01	  77	  51	 207	   7.0	 1.52e-01	  3.8e-02	  0.28	 6.44e-01	  1.6e-01	  82	  55	 201	      5.1	 4.31e-01	  0.14	 3.68e-01	 3.19e+00	  90	  66	 186	   1	   4	unbound starless
