| TABLE A.2: Derived properties of the dense cores identified in the Herschel Gould Belt survey maps of the Corona Australis molecular cloud
|
| Published in Bresnahan, D.W. et al. 2017: "The dense cores and filamentary structure of the molecular cloud in Corona Australis: Herschel SPIRE and PACS observations from the Herschel Gould Belt Survey"
|
| "First-generation" product from the Herschel Gould Belt survey (HGBS - Andre et al. 2010, A&A, 518, L102)
|
| Acknowledgements: If you use this HGBS product for a publication, please refer to the above two papers (Bresnahan et al. 2017 and Andre et al. 2010).
|
| Description of columns:
|
| (1)     Core running number.
| (2)     Core name. The full name consists of the HGBS_J prefix followed by the tabulated label derived from J2000 sexagesimal coordinates
| (3)     Core right ascension (J2000).
| (4)     Core declination (J2000).
| (5)     Core radius as observed [pc]
| (6)     Core radius with 18.2 arcsec beam deconvolved
| (7)     Core mass [Msun]
| (8)     Uncertainty in core mass [Msun]
| (9)     Dust temperature [K]
| (10)    Uncertainty in dust temperature [K]
| (11)    (N_H2)peak: Peak H2 column density at the resolution of the 500 micron data [10^21 cm^-2]
| (12)    Average column density derived using observed radius [10^21 cm^-2]
| (13)    Average column density derived using deconvolved radius [10^21 cm^-2]
| (14)    (n_H2)peak: Beam-averaged peak volume density [10^4 cm^-3]
| (15)    Average volume density derived using observed radius [10^4 cm^-3]
| (16)    Average volume density derived using deconvolved radius [10^4 cm^-3]
| (17)    Bonnor-Ebert mass ratio, M_BE/Mcore
| (18)    Core type: 1=unbound starless, 2=prestellar, 3=candidate prestellar (non-robust), 4=dense core with embedded protostar, or -1=tentative additional candidate core
| (19)    Arbitrary sub-region in Corona Australis. N/A indicates the source is located outside all of our sub-region masks
| (20)    Comments
|
|
|
|   (1)       (2)             (3)           (4)            (5)    (6)       (7)    (8)       (9)  (10)        (11)       (12)         (13)        (14)        (15)         (16)       (17)   (18)   (19)    (20)
|
       1  185752.5-371441   18 57 52.59   -37 14 41.2     0.011  0.011     0.001  0.001      35.4  5.2        0.03        0.11         0.11       0.07        0.22         0.22        0.03    -1    N/A     spatially unresolved in col. dens, low mass candidate                                               
       2  185754.9-371433   18 57 54.91   -37 14 33.8     0.011  0.011     0.001  0.001      24.5  2.5        0.05        0.11         0.11       0.13        0.22         0.22        0.03    -1    N/A     spatially unresolved in col. dens, low mass candidate                                               
       3  185936.3-370208   18 59 36.37   -37 02 08.1     0.016  0.011     0.004  0.002      13.4  1.0        0.27        0.19         0.39       0.51        0.29         0.83       51.15     1    CrA-A   no SED fit                                                                                          
       4  185941.6-371156   18 59 41.69   -37 11 56.7     0.011  0.011     0.002  0.001      23.3  1.6        0.14        0.17         0.17       0.38        0.36         0.36        0.02     4    CrA-A   spatially unresolved in col. dens                                                                   
       5  190008.1-370137   19 00 08.16   -37 01 37.9     0.019  0.015     0.010  0.003      15.4  1.0        0.61        0.42         0.68       1.00        0.55         1.13       22.58     3    CrA-A                                                                                                       
       6  190011.2-365728   19 00 11.24   -36 57 28.5     0.022  0.018     0.010  0.005      13.7  1.5        0.27        0.29         0.40       0.39        0.32         0.53       30.52     1    CrA-A                                                                                                       
       7  190016.6-370043   19 00 16.68   -37 00 43.5     0.022  0.019     0.032  0.008      14.2  1.0        1.35        0.88         1.20       1.83        0.96         1.52        9.71     3    CrA-A                                                                                                       
       8  190021.9-370008   19 00 21.90   -37 00 08.5     0.021  0.017     0.017  0.009      13.4  1.0        0.74        0.55         0.79       1.08        0.64         1.11       16.33     3    CrA-A   no SED fit                                                                                          
       9  190023.0-365835   19 00 23.06   -36 58 35.4     0.018  0.014     0.021  0.012      12.8  1.9        1.12        0.88         1.44       1.86        1.16         2.44       10.88     3    CrA-A                                                                                                       
      10  190023.5-371224   19 00 23.54   -37 12 24.8     0.012  0.004     0.003  0.001      22.5  1.4        0.25        0.31         2.67       0.62        0.62        15.60       20.10     4    N/A                                                                                                         
      11  190029.9-365719   19 00 29.98   -36 57 19.6     0.015  0.010     0.010  0.005      13.4  1.0        0.57        0.56         1.23       1.12        0.87         2.88       17.47     3    CrA-A   no SED fit                                                                                          
      12  190044.4-365717   19 00 44.44   -36 57 17.9     0.031  0.029     0.004  0.002      16.5  2.4        0.11        0.06         0.07       0.10        0.05         0.06      115.71     1    CrA-A                                                                                                       
      13  190047.2-365532   19 00 47.29   -36 55 32.2     0.020  0.016     0.121  0.066       9.3  1.1        8.78        4.33         6.55      13.58        5.34         9.94        2.13     3    CrA-A                                                                                                       
      14  190054.6-365517   19 00 54.62   -36 55 17.8     0.031  0.029     0.271  0.136      13.4  1.0       19.05        3.93         4.55      18.71        3.08         3.84        1.71     2    CrA-A   no SED fit                                                                                          
      15  190058.7-364951   19 00 58.77   -36 49 51.5     0.025  0.022     0.008  0.004      13.4  1.0        0.40        0.18         0.23       0.49        0.18         0.26       44.92     1    CrA-A   no SED fit                                                                                          
      16  190100.5-365809   19 01 00.58   -36 58 09.7     0.020  0.016     0.010  0.005      13.4  1.0        0.00        0.36         0.54       0.00        0.44         0.82       25.36     1    CrA-A   no SED fit                                                                                          
      17  190101.8-365358   19 01 01.90   -36 53 58.2     0.018  0.014     0.279  0.133       7.9  0.8       15.94       11.83        19.76      26.80       15.88        34.28        0.81     2    CrA-A                                                                                                       
      18  190104.3-365440   19 01 04.35   -36 54 40.5     0.021  0.017     0.185  0.063       8.9  0.6        7.79        5.91         8.45      11.35        6.87        11.77        1.52     2    CrA-A                                                                                                       
      19  190106.7-365417   19 01 06.78   -36 54 17.1     0.032  0.030     0.411  0.091      10.2  0.5       10.57        5.51         6.31      10.00        4.16         5.10        1.18     2    CrA-A                                                                                                       
      20  190108.7-365721   19 01 08.74   -36 57 21.6     0.011  0.011     0.037  0.007      18.4  1.0        3.05        3.89         3.89       8.10        8.24         8.24        0.00     4    CrA-A   spatially unresolved in col. dens                                                                   
      21  190110.8-365415   19 01 10.83   -36 54 15.3     0.012  0.004     0.077  0.039      13.4  1.0       32.82        7.34        73.26      82.62       14.76       465.01        0.80     2    CrA-A   no SED fit                                                                                          
      22  190111.8-365933   19 01 11.88   -36 59 33.9     0.013  0.005     0.003  0.002      13.4  1.0        0.23        0.29         1.69       0.55        0.56         7.84       25.27     3    CrA-A   no SED fit                                                                                          
      23  190114.2-365405   19 01 14.24   -36 54 05.3     0.038  0.036     0.152  0.076      13.4  1.0        3.37        1.50         1.65       2.73        0.97         1.12        3.79     3    CrA-A   no SED fit                                                                                          
      24  190116.2-365429   19 01 16.27   -36 54 29.2     0.015  0.010     0.035  0.018      13.4  1.0        0.00        2.15         5.12       0.00        3.47        12.73        4.48     3    CrA-A   no SED fit                                                                                          
      25  190119.6-365927   19 01 19.70   -36 59 27.3     0.021  0.018     0.024  0.005      12.6  0.6        1.84        0.74         1.06       2.67        0.86         1.46       12.01     3    CrA-A                                                                                                       
      26  190121.6-365423   19 01 21.61   -36 54 23.9     0.015  0.010     0.040  0.020      13.4  1.0        1.59        2.43         5.72       3.21        3.90        14.09        3.97     3    CrA-A   no SED fit                                                                                          
      27  190126.1-370143   19 01 26.12   -37 01 43.9     0.028  0.025     0.007  0.004      13.4  1.0        0.00        0.12         0.15       0.00        0.11         0.14       58.46     1    CrA-A   no SED fit                                                                                          
      28  190129.8-370016   19 01 29.84   -37 00 16.2     0.021  0.018     0.013  0.006      13.4  1.0        0.84        0.40         0.57       1.21        0.46         0.78       22.19     1    CrA-A   no SED fit                                                                                          
      29  190131.8-372125   19 01 31.88   -37 21 25.8     0.021  0.018     0.008  0.003      15.1  1.2        0.21        0.26         0.37       0.30        0.30         0.51       33.99     1    N/A                                                                                                         
      30  190133.2-365623   19 01 33.26   -36 56 23.7     0.020  0.016     0.102  0.051      13.4  1.0        4.79        3.63         5.46       7.36        4.45         8.21        2.54     3    CrA-A   no SED fit                                                                                          
      31  190138.0-370840   19 01 38.07   -37 08 40.9     0.022  0.019     0.032  0.015      12.2  1.2        1.09        0.91         1.24       1.50        1.00         1.59        9.48     3    CrA-A                                                                                                       
      32  190138.5-371639   19 01 38.54   -37 16 39.1     0.017  0.013     0.006  0.003      13.4  1.0        0.00        0.28         0.49       0.00        0.39         0.91       35.14     1    N/A     no SED fit                                                                                          
      33  190139.0-365302   19 01 39.03   -36 53 02.7     0.014  0.008     0.018  0.012      33.4  8.5       10.16        1.34         4.42      22.53        2.37        14.21        6.70     3    CrA-A   reflection nebula?                                                                                  
      34  190141.6-365249   19 01 41.67   -36 52 49.7     0.013  0.006     0.137  0.069      13.4  1.0       17.05       11.63        59.01      40.55       22.08       252.37        0.67     2    CrA-A   no SED fit, reflection nebula?                                                                      
      35  190141.6-365717   19 01 41.69   -36 57 17.6     0.012  0.004     0.009  0.005      13.4  1.0        2.55        0.85         6.59       6.32        1.68        36.25        7.69     3    CrA-A   no SED fit                                                                                          
      36  190141.7-365832   19 01 41.71   -36 58 32.8     0.011  0.011     0.134  0.033      19.3  1.3        9.43       14.21        14.21      25.04       30.10        30.10        0.00     4    CrA-A   spatially unresolved in col. dens                                                                   
      37  190144.9-370131   19 01 44.95   -37 01 31.8     0.027  0.024     0.010  0.005      13.4  1.0        0.81        0.20         0.25       0.93        0.19         0.25       37.18    -1    CrA-A   no SED fit, low 250 micron flux                                                                     
      38  190146.1-365535   19 01 46.10   -36 55 35.7     0.016  0.011     0.669  0.334      13.4  1.0       37.30       37.37        79.32      72.00       57.59       178.07        0.26     2    CrA-A   no SED fit                                                                                          
      39  190146.2-370311   19 01 46.23   -37 03 11.6     0.013  0.006     0.004  0.002      13.4  1.0        0.45        0.29         1.32       1.05        0.54         5.30       27.82     3    CrA-A   no SED fit                                                                                          
      40  190147.2-365639   19 01 47.28   -36 56 39.8     0.014  0.009     1.336  0.583      10.1  1.1      109.50       90.21       249.60     232.25      152.75       703.05        0.10     2    CrA-A                                                                                                       
      41  190150.7-365634   19 01 50.77   -36 56 34.5     0.013  0.007     0.664  0.332      13.4  1.0       21.00       51.69       196.43      47.84       94.02       696.48        0.17     4    CrA-A   no SED fit                                                                                          
      42  190150.9-365809   19 01 50.99   -36 58 09.7     0.012  0.004     0.641  0.193      12.8  0.9       30.75       59.61       493.60      76.53      118.44      2822.03        0.11     4    CrA-A                                                                                                       
      43  190153.6-365448   19 01 53.61   -36 54 48.5     0.016  0.012     0.033  0.017      13.4  1.0        0.00        1.69         3.29       0.00        2.50         6.76        5.75     3    CrA-A   no SED fit                                                                                          
      44  190154.4-365748   19 01 54.45   -36 57 48.9     0.012  0.004     0.661  0.135      15.3  0.9       48.11       61.15       489.16     119.44      121.20      2742.34        0.11     2    CrA-A                                                                                                       
      45  190155.4-370052   19 01 55.48   -37 00 52.9     0.020  0.016     0.178  0.074      11.6  0.8        8.76        6.33         9.53      13.47        7.77        14.36        1.46     2    CrA-A                                                                                                       
      46  190155.7-364715   19 01 55.73   -36 47 15.9     0.021  0.017     0.010  0.005      13.4  1.0        0.00        0.32         0.46       0.00        0.37         0.64       28.52     1    CrA-A   no SED fit                                                                                          
      47  190155.8-365746   19 01 55.86   -36 57 46.9     0.013  0.007     0.976  0.187      17.2  1.0       73.01       76.64       298.04     167.03      139.97      1073.40        0.11     2    CrA-A                                                                                                       
      48  190156.4-365729   19 01 56.40   -36 57 29.4     0.012  0.003     0.561  0.104      18.8  1.1       39.49       56.24      1079.87     102.05      116.03      9761.77        0.08     4    CrA-A                                                                                                       
      49  190158.5-370106   19 01 58.57   -37 01 06.1     0.014  0.007     0.066  0.033      13.4  1.0        1.48        4.94        16.85       3.31        8.80        55.41        1.80     2    CrA-A   no SED fit                                                                                          
      50  190158.9-365709   19 01 58.94   -36 57 09.9     0.011  0.011     0.623  0.278      12.0  1.4       42.82       65.84        65.84     113.65      139.50       139.50        0.00     2    CrA-A   spatially unresolved in col. dens                                                                   
      51  190159.0-371916   19 01 59.10   -37 19 16.1     0.023  0.020     0.010  0.005      13.4  1.0        0.25        0.27         0.36       0.33        0.28         0.43       31.29     1    N/A     no SED fit                                                                                          
      52  190159.8-371814   19 01 59.89   -37 18 14.3     0.020  0.016     0.018  0.009      13.4  1.0        0.57        0.60         0.89       0.86        0.73         1.32       15.16     3    N/A     no SED fit                                                                                          
      53  190200.7-365508   19 02 00.79   -36 55 08.8     0.018  0.014     0.041  0.020      13.4  1.0        2.66        1.70         2.80       4.44        2.26         4.77        5.61     3    CrA-A   no SED fit                                                                                          
      54  190204.1-371719   19 02 04.12   -37 17 19.6     0.019  0.016     0.006  0.003      13.4  1.0        0.00        0.21         0.33       0.00        0.27         0.51       43.80     1    N/A     no SED fit                                                                                          
      55  190204.9-365447   19 02 04.98   -36 54 47.7     0.014  0.008     0.003  0.001      13.4  1.0        0.33        0.18         0.53       0.71        0.31         1.52       50.47     1    CrA-A   no SED fit                                                                                          
      56  190205.9-370007   19 02 05.90   -37 00 07.5     0.015  0.009     0.053  0.027      13.4  1.0        1.09        3.50         9.29       2.28        5.86        25.33        2.70     3    CrA-A   no SED fit                                                                                          
      57  190208.4-370033   19 02 08.43   -37 00 33.8     0.016  0.011     0.100  0.050      13.4  1.0        3.84        5.42        11.16       7.31        8.23        24.33        1.80     2    CrA-A   no SED fit                                                                                          
      58  190210.0-370755   19 02 10.01   -37 07 55.2     0.018  0.014     0.008  0.004      15.0  1.7        0.33        0.36         0.61       0.56        0.49         1.10       27.04     1    CrA-A                                                                                                       
      59  190210.1-365620   19 02 10.11   -36 56 20.3     0.029  0.027     0.269  0.135      13.4  1.0        3.46        4.47         5.31       3.64        3.76         4.86        1.59     2    CrA-A   no SED fit                                                                                          
      60  190210.7-370227   19 02 10.76   -37 02 27.9     0.014  0.008     0.013  0.004      12.3  0.6        1.06        0.92         2.61       2.26        1.56         7.55       10.17     3    CrA-A                                                                                                       
      61  190210.9-370906   19 02 10.92   -37 09 06.7     0.031  0.028     0.084  0.017      14.3  0.7        1.34        1.23         1.43       1.33        0.98         1.22        5.48     3    CrA-A                                                                                                       
      62  190212.7-370042   19 02 12.76   -37 00 42.4     0.022  0.019     0.135  0.042      12.8  0.7        6.37        3.72         5.05       8.65        4.04         6.37        2.30     3    CrA-A                                                                                                       
      63  190213.2-365717   19 02 13.22   -36 57 17.1     0.015  0.009     0.166  0.066      11.4  0.7        9.80       10.82        28.37      20.45       18.03        76.55        0.88     2    CrA-A                                                                                                       
      64  190214.0-370608   19 02 14.06   -37 06 08.2     0.013  0.007     0.002  0.001      13.4  1.0        0.00        0.19         0.72       0.00        0.34         2.60       45.92     1    CrA-A   no SED fit                                                                                          
      65  190215.8-365746   19 02 15.89   -36 57 46.9     0.013  0.007     0.035  0.013      12.8  0.8        3.41        2.80        11.16       7.84        5.14        40.86        3.02     3    CrA-A                                                                                                       
      66  190217.5-370135   19 02 17.51   -37 01 35.8     0.021  0.018     0.695  0.223       8.7  0.5       39.13       22.04        31.49      56.90       25.59        43.70        0.41     2    CrA-A                                                                                                       
      67  190218.2-370411   19 02 18.30   -37 04 11.8     0.033  0.031     0.109  0.040      13.4  1.1        2.96        1.43         1.63       2.76        1.06         1.29        4.50     3    CrA-A                                                                                                       
      68  190220.2-365859   19 02 20.26   -36 58 59.2     0.032  0.030     0.139  0.059      11.0  0.8        4.39        1.84         2.11       4.13        1.38         1.69        3.51     3    CrA-A                                                                                                       
      69  190222.9-365737   19 02 22.96   -36 57 37.3     0.020  0.016     0.042  0.021      13.4  1.0        0.62        1.51         2.28       0.97        1.86         3.47        6.12     3    CrA-A   no SED fit                                                                                          
      70  190224.2-365640   19 02 24.29   -36 56 40.6     0.028  0.026     0.147  0.038      13.5  0.7        5.40        2.60         3.13       5.88        2.26         2.98        2.80     3    CrA-A                                                                                                       
      71  190224.5-370147   19 02 24.52   -37 01 47.7     0.014  0.009     0.055  0.028      13.4  1.0        0.00        3.76        10.61       0.00        6.40        30.32        2.48    -1    CrA-A   no SED fit, low 250 micron flux                                                                     
      72  190225.4-370010   19 02 25.45   -37 00 10.6     0.014  0.008     0.001  0.001      13.4  1.0        0.36        0.07         0.24       0.80        0.13         0.75      123.13    -1    CrA-A   no SED fit, low mass candidate                                                                      
      73  190226.1-370246   19 02 26.14   -37 02 46.9     0.016  0.011     0.032  0.016      13.4  1.0        0.00        1.76         3.66       0.00        2.69         8.05        5.53     3    CrA-A   no SED fit                                                                                          
      74  190226.6-370442   19 02 26.62   -37 04 42.1     0.017  0.012     0.008  0.004      13.4  1.0        0.41        0.38         0.73       0.75        0.56         1.48       25.40     1    CrA-A   no SED fit                                                                                          
      75  190227.3-370154   19 02 27.36   -37 01 54.4     0.014  0.008     0.047  0.024      13.4  1.0        2.80        3.40        10.68       6.14        5.95        33.10        2.67     3    CrA-A   no SED fit                                                                                          
      76  190229.2-371053   19 02 29.27   -37 10 53.8     0.018  0.014     0.014  0.005      12.2  1.0        0.94        0.61         1.00       1.56        0.81         1.72       15.74     3    CrA-B                                                                                                       
      77  190230.1-365825   19 02 30.20   -36 58 25.4     0.014  0.007     0.008  0.004      13.4  1.0        0.43        0.59         1.97       0.95        1.04         6.42       15.23     3    CrA-A   no SED fit                                                                                          
      78  190232.1-370207   19 02 32.18   -37 02 07.3     0.037  0.035     0.132  0.057      11.6  1.1        3.27        1.35         1.49       2.69        0.89         1.03        4.27     3    CrA-A                                                                                                       
      79  190236.4-370318   19 02 36.47   -37 03 18.3     0.014  0.008     0.001  0.001      13.4  1.0        0.00        0.10         0.30       0.00        0.18         0.91       90.57    -1    CrA-A   no SED fit, low 250 micron flux                                                                     
      80  190237.8-365815   19 02 37.80   -36 58 15.0     0.015  0.009     0.002  0.001      13.4  1.0        0.00        0.14         0.36       0.00        0.23         0.95       69.22    -1    CrA-A   no SED fit, low 250 micron flux                                                                     
      81  190238.8-370905   19 02 38.81   -37 09 05.3     0.015  0.010     0.036  0.018      13.4  1.0        4.87        2.13         4.83       9.66        3.37        11.53        4.55     3    CrA-B   no SED fit                                                                                          
      82  190241.8-365849   19 02 41.85   -36 58 49.0     0.016  0.012     0.004  0.002      13.4  1.0        0.00        0.23         0.45       0.00        0.34         0.92       42.80    -1    CrA-A   no SED fit, low 250 micron flux                                                                     
      83  190242.8-371415   19 02 42.89   -37 14 15.8     0.017  0.013     0.015  0.009      12.1  1.8        1.55        0.71         1.29       2.75        1.01         2.46       13.62     3    CrA-C                                                                                                       
      84  190243.3-370726   19 02 43.32   -37 07 26.8     0.037  0.035     0.112  0.031      13.9  0.9        2.17        1.16         1.29       1.81        0.77         0.90        5.00     3    CrA-B                                                                                                       
      85  190244.0-370249   19 02 44.08   -37 02 49.5     0.017  0.012     0.010  0.005      13.4  1.0        0.42        0.52         1.01       0.77        0.77         2.05       18.69     3    CrA-A   no SED fit                                                                                          
      86  190244.5-370024   19 02 44.52   -37 00 24.3     0.015  0.009     0.003  0.002      13.4  1.0        0.23        0.19         0.49       0.47        0.32         1.27       49.59     1    CrA-A   no SED fit                                                                                          
      87  190245.3-370622   19 02 45.34   -37 06 22.1     0.016  0.012     0.042  0.021      13.4  1.0        2.00        2.16         4.19       3.69        3.19         8.59        4.50     3    CrA-B   no SED fit                                                                                          
      88  190246.2-372534   19 02 46.25   -37 25 34.9     0.022  0.019     0.009  0.005      13.4  1.0        0.28        0.25         0.34       0.38        0.27         0.42       34.51     1    N/A     no SED fit                                                                                          
      89  190247.8-365852   19 02 47.90   -36 58 52.7     0.020  0.016     0.042  0.013      11.3  0.7        1.27        1.47         2.21       1.95        1.81         3.32        6.24     3    CrA-A                                                                                                       
      90  190248.6-365746   19 02 48.61   -36 57 46.2     0.018  0.014     0.010  0.005      14.4  1.7        0.35        0.41         0.67       0.58        0.54         1.13       23.41     1    CrA-A                                                                                                       
      91  190248.8-370629   19 02 48.82   -37 06 29.9     0.021  0.017     0.055  0.027      13.4  1.0        2.47        1.78         2.58       3.64        2.10         3.65        5.06     3    CrA-B   no SED fit                                                                                          
      92  190249.7-371422   19 02 49.80   -37 14 22.1     0.016  0.011     0.004  0.002      13.4  1.0        0.20        0.23         0.48       0.38        0.35         1.07       42.51     1    CrA-C   no SED fit                                                                                          
      93  190256.0-365818   19 02 56.02   -36 58 18.5     0.017  0.012     0.005  0.003      13.4  1.0        0.25        0.28         0.53       0.47        0.41         1.09       35.09     1    CrA-A   no SED fit                                                                                          
      94  190258.8-371306   19 02 58.85   -37 13 06.6     0.020  0.016     0.019  0.009      13.4  1.0        0.00        0.68         1.03       0.00        0.84         1.58       13.64     3    CrA-C   no SED fit                                                                                          
      95  190258.8-370321   19 02 58.88   -37 03 21.3     0.023  0.020     0.029  0.013      13.8  1.7        1.62        0.79         1.07       2.18        0.85         1.33       10.72     3    CrA-B                                                                                                       
      96  190258.9-370736   19 02 58.92   -37 07 36.7     0.011  0.011     0.155  0.027      17.8  0.9       11.02       16.37        16.37      29.26       34.69        34.69        0.00     4    CrA-B   spatially unresolved in col. dens                                                                   
      97  190259.1-375646   19 02 59.14   -37 56 46.5     0.011  0.011     0.004  0.002      13.4  1.0        0.12        0.40         0.40       0.33        0.84         0.84        0.01     2    N/A     no SED fit, spatially unresolved in col. dens                                                       
      98  190302.5-370351   19 03 02.51   -37 03 51.5     0.015  0.009     0.003  0.002      13.4  1.0        0.26        0.22         0.56       0.54        0.36         1.50       43.48    -1    CrA-B   no SED fit, low 250 micron flux                                                                     
      99  190304.8-370845   19 03 04.82   -37 08 45.3     0.018  0.014     0.006  0.003      13.4  1.0        0.31        0.26         0.43       0.53        0.35         0.76       37.12     1    CrA-B   no SED fit                                                                                          
     100  190305.2-371436   19 03 05.25   -37 14 36.8     0.011  0.011     0.066  0.033      13.4  1.0        6.44        6.92         6.92      17.10       14.67        14.67        0.00     2    CrA-C   no SED fit, spatially unresolved in col. dens                                                       
     101  190306.0-371856   19 03 06.00   -37 18 56.8     0.015  0.009     0.003  0.002      13.4  1.0        0.23        0.21         0.51       0.46        0.34         1.31       46.59     1    CrA-C   no SED fit                                                                                          
     102  190307.0-371250   19 03 07.00   -37 12 50.2     0.011  0.011     0.085  0.016      21.0  1.3        6.04        9.01         9.01      16.04       19.09        19.09        0.00     4    CrA-C   spatially unresolved in col. dens                                                                   
     103  190307.2-371449   19 03 07.29   -37 14 49.5     0.027  0.025     0.137  0.068      13.4  1.0       18.20        2.53         3.07      20.21        2.24         2.99        2.93     3    CrA-C   no SED fit                                                                                          
     104  190311.0-372322   19 03 11.00   -37 23 22.7     0.014  0.009     0.006  0.003      13.4  1.0        0.51        0.42         1.17       1.08        0.72         3.29       22.18     3    CrA-C   no SED fit                                                                                          
     105  190312.1-371956   19 03 12.20   -37 19 56.5     0.016  0.011     0.004  0.002      13.4  1.0        0.19        0.19         0.39       0.36        0.29         0.83       51.03     1    CrA-C   no SED fit                                                                                          
     106  190313.4-371149   19 03 13.41   -37 11 49.7     0.030  0.028     0.086  0.030      11.8  0.9        3.43        1.35         1.58       3.50        1.10         1.40        5.14     3    CrA-C                                                                                                       
     107  190313.6-371329   19 03 13.63   -37 13 29.4     0.019  0.015     0.066  0.021      13.3  0.9        3.06        2.57         4.07       4.94        3.31         6.61        3.67     3    CrA-C                                                                                                       
     108  190314.7-372411   19 03 14.74   -37 24 11.3     0.019  0.015     0.031  0.025      10.1  1.9        1.22        1.18         1.82       1.93        1.49         2.87        7.93     3    CrA-C                                                                                                       
     109  190316.4-371408   19 03 16.46   -37 14 09.0     0.011  0.011     0.008  0.004      13.4  1.0        0.59        0.85         0.85       1.58        1.80         1.80        0.00     4    CrA-C   no SED fit, spatially unresolved in col. dens                                                       
     110  190318.8-370958   19 03 18.83   -37 09 58.9     0.014  0.008     0.014  0.010       9.5  1.2        1.25        1.04         3.43       2.77        1.84        11.02        8.64     3    CrA-C                                                                                                       
     111  190321.5-371757   19 03 21.51   -37 17 57.7     0.020  0.017     0.067  0.040      10.3  1.3        4.86        2.25         3.31       7.30        2.70         4.82        4.04     3    CrA-C                                                                                                       
     112  190322.8-371114   19 03 22.89   -37 11 14.7     0.019  0.016     0.010  0.003      13.7  0.9        0.40        0.39         0.60       0.63        0.49         0.94       24.11     1    CrA-C                                                                                                       
     113  190324.8-371222   19 03 24.87   -37 12 22.1     0.015  0.010     0.005  0.003      13.4  1.0        0.15        0.33         0.78       0.29        0.53         1.94       29.13     1    CrA-C   no SED fit                                                                                          
     114  190325.6-371431   19 03 25.66   -37 14 31.7     0.018  0.014     0.006  0.003      13.4  1.0        0.50        0.26         0.44       0.85        0.35         0.77       36.65     1    CrA-C   no SED fit                                                                                          
     115  190325.8-370309   19 03 25.88   -37 03 09.6     0.015  0.009     0.004  0.002      13.4  1.0        0.45        0.28         0.75       0.95        0.47         2.05       33.31     1    CrA-B   no SED fit                                                                                          
     116  190329.3-370816   19 03 29.32   -37 08 16.7     0.017  0.012     0.005  0.003      13.4  1.0        0.49        0.26         0.49       0.88        0.38         0.96       36.89     1    CrA-C   no SED fit                                                                                          
     117  190331.3-371326   19 03 31.39   -37 13 26.3     0.014  0.009     0.009  0.005      13.4  1.0        0.55        0.63         1.76       1.16        1.07         5.02       14.85     3    CrA-C   no SED fit                                                                                          
     118  190334.2-371035   19 03 34.22   -37 10 35.1     0.015  0.010     0.004  0.002      13.4  1.0        0.24        0.25         0.61       0.49        0.41         1.54       38.43     1    CrA-C   no SED fit                                                                                          
     119  190335.7-372351   19 03 35.71   -37 23 51.2     0.018  0.014     0.012  0.006      13.4  1.0        1.78        0.53         0.90       3.02        0.72         1.58       18.09     3    CrA-C   no SED fit                                                                                          
     120  190339.2-371547   19 03 39.21   -37 15 47.9     0.013  0.005     0.006  0.003      13.4  1.0        0.25        0.50         2.81       0.61        0.95        12.86       15.00     3    CrA-C   no SED fit                                                                                          
     121  190341.9-371346   19 03 41.95   -37 13 46.6     0.016  0.012     0.019  0.009      13.4  1.0        0.38        0.99         1.97       0.72        1.48         4.14        9.82     3    CrA-C   no SED fit                                                                                          
     122  190345.7-371523   19 03 45.73   -37 15 23.9     0.016  0.012     0.010  0.005      13.4  1.0        0.24        0.50         1.00       0.45        0.75         2.11       19.42     3    CrA-C   no SED fit                                                                                          
     123  190349.5-372024   19 03 49.59   -37 20 24.3     0.030  0.027     0.101  0.054      12.3  1.6        2.31        1.61         1.89       2.38        1.32         1.69        4.35     3    CrA-C                                                                                                       
     124  190353.2-371927   19 03 53.21   -37 19 27.7     0.012  0.005     0.014  0.007      13.4  1.0        0.28        1.29         8.61       0.69        2.53        43.35        5.39     3    CrA-C   no SED fit                                                                                          
     125  190356.0-372013   19 03 56.06   -37 20 13.3     0.022  0.019     0.053  0.028      10.0  1.2        2.99        1.51         2.06       4.11        1.66         2.65        5.73     3    CrA-C                                                                                                       
     126  190358.3-371808   19 03 58.30   -37 18 09.0     0.019  0.015     0.011  0.005      13.4  1.0        0.48        0.42         0.65       0.77        0.53         1.04       22.51     3    CrA-C   no SED fit                                                                                          
     127  190401.2-371618   19 04 01.23   -37 16 18.9     0.030  0.028     0.813  0.166       7.8  0.3       23.72       12.46        14.58      23.98       10.06        12.72        0.55     2    CrA-C                                                                                                       
     128  190401.3-371846   19 04 01.33   -37 18 46.1     0.013  0.007     0.008  0.004      13.4  1.0        0.00        0.60         2.24       0.00        1.09         7.80       14.33    -1    CrA-C   no SED fit, low 250 micron flux                                                                     
     129  190402.8-364716   19 04 02.89   -36 47 16.2     0.032  0.030     0.004  0.002      18.2  2.6        0.18        0.06         0.07       0.17        0.04         0.05      109.44     1    N/A                                                                                                         
     130  190406.2-371651   19 04 06.20   -37 16 51.1     0.024  0.021     0.464  0.207       7.8  0.6       16.68       11.19        14.49      21.15       11.32        16.70        0.73     2    CrA-C                                                                                                       
     131  190406.6-371359   19 04 06.60   -37 13 59.8     0.024  0.021     0.055  0.028      13.4  1.0        9.05        1.37         1.79      11.63        1.41         2.10        6.03     3    CrA-C   no SED fit                                                                                          
     132  190409.3-372319   19 04 09.39   -37 23 19.2     0.020  0.017     0.073  0.016      11.1  0.5        3.89        2.46         3.61       5.83        2.94         5.23        3.70     3    CrA-C                                                                                                       
     133  190418.7-373556   19 04 18.80   -37 35 56.7     0.012  0.002     0.001  0.001      21.7  1.8        0.09        0.10         3.21       0.23        0.21        37.42       33.51    -1    N/A     low mass candidate                                                                                  
     134  190420.8-373010   19 04 20.82   -37 30 10.7     0.021  0.017     0.017  0.004      14.0  0.9        0.79        0.54         0.78       1.17        0.63         1.10       16.67     3    CrA-C                                                                                                       
     135  190426.4-372943   19 04 26.44   -37 29 43.4     0.029  0.027     0.063  0.016      13.1  0.8        1.83        1.02         1.21       1.90        0.85         1.09        6.85     3    CrA-C                                                                                                       
     136  190427.4-372258   19 04 27.41   -37 22 58.1     0.025  0.022     0.028  0.007      12.7  0.8        1.07        0.65         0.83       1.32        0.64         0.93       12.39     3    CrA-C                                                                                                       
     137  190445.3-371112   19 04 45.31   -37 11 12.7     0.023  0.020     0.021  0.010      11.3  1.3        1.21        0.56         0.75       1.61        0.60         0.93       15.07     3    CrA-C                                                                                                       
     138  190605.2-375924   19 06 05.22   -37 59 24.9     0.011  0.011     0.002  0.001      13.4  1.0        0.03        0.25         0.25       0.08        0.52         0.52        0.01     4    N/A     no SED fit, spatially unresolved in col. dens                                                       
     139  190644.1-371417   19 06 44.11   -37 14 17.7     0.026  0.023     0.008  0.005      16.7  2.7        0.31        0.16         0.20       0.36        0.15         0.21       49.39     1    CrA-D                                                                                                       
     140  190644.2-371646   19 06 44.26   -37 16 46.9     0.033  0.031     0.133  0.058      11.5  1.2        2.29        1.67         1.90       2.10        1.22         1.48        3.78     3    CrA-D                                                                                                       
     141  190651.9-365733   19 06 52.00   -36 57 33.1     0.012  0.004     0.001  0.001      26.4  3.9        0.10        0.10         1.13       0.26        0.20         7.85       56.41    -1    N/A     low mass candidate                                                                                  
     142  190704.4-371343   19 07 04.41   -37 13 43.6     0.023  0.020     0.016  0.008      13.4  1.0        0.43        0.40         0.53       0.57        0.42         0.63       20.90     1    CrA-D   no SED fit                                                                                          
     143  190718.7-371409   19 07 18.73   -37 14 09.1     0.014  0.008     0.006  0.003      13.4  1.0        0.18        0.45         1.31       0.38        0.77         3.85       20.78     3    CrA-D   no SED fit                                                                                          
     144  190845.1-375739   19 08 45.12   -37 57 39.5     0.015  0.009     0.001  0.001      13.4  1.0        0.05        0.09         0.23       0.09        0.15         0.62      105.31    -1    N/A     no SED fit, low 250 micron flux                                                                     
     145  190848.1-375630   19 08 48.17   -37 56 30.6     0.011  0.011     0.001  0.001      25.4  2.6        0.03        0.11         0.11       0.08        0.22         0.22        0.03    -1    N/A     spatially unresolved in col. dens, low mass candidate                                               
     146  190911.9-374958   19 09 12.00   -37 49 58.0     0.011  0.011     0.007  0.003      10.7  0.8        0.51        0.72         0.72       1.35        1.53         1.53        0.00    -1    N/A     spatially unresolved in col. dens, low 250 micron flux                                              
     147  190925.6-380459   19 09 25.66   -38 04 59.2     0.012  0.004     0.002  0.001      13.4  1.0        0.07        0.15         1.28       0.19        0.30         7.47       41.96    -1    N/A     no SED fit, low 250 micron flux                                                                     
     148  190930.7-374307   19 09 30.75   -37 43 07.2     0.013  0.005     0.003  0.001      12.7  0.9        0.22        0.25         1.47       0.53        0.49         6.83       29.01    -1    N/A     low 250 micron flux                                                                                 
     149  190932.4-371245   19 09 32.44   -37 12 45.7     0.019  0.015     0.007  0.004      13.4  1.0        0.27        0.30         0.48       0.44        0.39         0.79       31.92     1    CrA-E   no SED fit                                                                                          
     150  190945.9-370427   19 09 45.98   -37 04 27.9     0.011  0.011     0.014  0.003      15.3  0.7        1.33        1.47         1.47       3.53        3.11         3.11        0.00     4    CrA-E   spatially unresolved in col. dens                                                                   
     151  191020.1-370826   19 10 20.17   -37 08 27.0     0.013  0.005     0.411  0.078      10.9  0.4       24.07       36.10       214.39      58.26       69.76      1009.58        0.20     2    CrA-E                                                                                                       
     152  191038.0-381518   19 10 38.05   -38 15 19.0     0.012  0.005     0.003  0.001      12.1  0.9        0.20        0.28         2.01       0.50        0.56        10.50       23.89    -1    N/A     low 250 micron flux                                                                                 
     153  191045.0-380748   19 10 45.10   -38 07 48.4     0.011  0.011     0.001  0.001      23.2  1.6        0.09        0.11         0.11       0.25        0.23         0.23        0.03     4    N/A     spatially unresolved in col. dens                                                                   
     154  191116.8-375114   19 11 16.84   -37 51 14.8     0.012  0.005     0.001  0.001      16.2  0.8        0.10        0.09         0.58       0.25        0.17         2.90       78.59    -1    N/A     low mass candidate                                                                                  
     155  191124.0-382435   19 11 24.08   -38 24 35.3     0.012  0.005     0.002  0.001      13.4  1.0        0.12        0.14         0.91       0.29        0.27         4.54       50.41    -1    N/A     no SED fit, low 250 micron flux                                                                     
     156  191128.5-371431   19 11 28.51   -37 14 31.4     0.064  0.063     0.046  0.022      13.1  1.8        0.50        0.15         0.16       0.24        0.06         0.06       22.20     1    CrA-E                                                                                                       
     157  191210.4-381458   19 12 10.42   -38 14 58.8     0.017  0.012     0.005  0.003      13.4  1.0        0.00        0.25         0.47       0.00        0.36         0.93       38.98    -1    CrA-H   no SED fit, low 250 micron flux                                                                     
     158  191211.1-380640   19 12 11.16   -38 06 40.1     0.016  0.011     0.002  0.001      13.4  1.0        0.12        0.13         0.29       0.23        0.21         0.68       72.06     1    CrA-H   no SED fit                                                                                          
     159  191215.5-371109   19 12 15.60   -37 11 09.7     0.011  0.011     0.002  0.001      13.4  1.0        0.09        0.18         0.18       0.23        0.38         0.38        0.02    -1    N/A     no SED fit, spatially unresolved in col. dens, low 250 micron flux                                  
     160  191232.9-380621   19 12 32.95   -38 06 22.0     0.021  0.017     0.005  0.003      12.3  1.8        0.34        0.16         0.24       0.50        0.19         0.33       54.40     1    CrA-H                                                                                                       
     161  191233.0-374303   19 12 33.08   -37 43 03.5     0.013  0.007     0.002  0.001      13.4  1.0        0.16        0.15         0.55       0.36        0.27         1.89       57.64    -1    N/A     no SED fit, low 250 micron flux                                                                     
     162  191245.5-381158   19 12 45.53   -38 11 58.9     0.025  0.022     0.007  0.005      14.0  3.0        0.32        0.15         0.19       0.40        0.14         0.21       54.27     1    CrA-H                                                                                                       
     163  191247.6-381610   19 12 47.62   -38 16 10.1     0.027  0.024     0.011  0.006      13.4  1.0        0.00        0.22         0.27       0.00        0.20         0.27       34.80     1    CrA-H   no SED fit                                                                                          
     164  191249.4-380041   19 12 49.47   -38 00 41.8     0.014  0.007     0.006  0.003      12.3  1.5        0.40        0.45         1.59       0.91        0.81         5.31       19.47     3    N/A                                                                                                         
     165  191252.1-381048   19 12 52.10   -38 10 48.3     0.027  0.024     0.004  0.004      14.6  4.4        0.29        0.08         0.10       0.33        0.07         0.10       94.27     1    CrA-H                                                                                                       
     166  191304.7-365521   19 13 04.72   -36 55 21.1     0.014  0.007     0.001  0.001      13.4  1.0        0.14        0.11         0.37       0.32        0.19         1.22       83.41    -1    N/A     no SED fit, low 250 micron flux                                                                     
     167  191312.2-365721   19 13 12.24   -36 57 21.8     0.039  0.038     0.009  0.004      13.4  1.0        0.28        0.08         0.08       0.21        0.05         0.05       70.35     1    N/A     no SED fit                                                                                          
     168  191315.2-381346   19 13 15.23   -38 13 46.8     0.015  0.010     0.002  0.001      13.4  1.0        0.00        0.12         0.27       0.00        0.18         0.64       83.39    -1    CrA-H   no SED fit, low 250 micron flux                                                                     
     169  191319.0-381022   19 13 19.03   -38 10 22.4     0.024  0.021     0.002  0.001      13.4  1.0        0.14        0.05         0.07       0.18        0.05         0.08      158.56    -1    CrA-H   no SED fit, low 250 micron flux                                                                     
     170  191319.2-372802   19 13 19.21   -37 28 03.0     0.012  0.004     0.002  0.001      13.4  1.0        0.11        0.16         1.26       0.28        0.32         6.96       40.05    -1    N/A     no SED fit, low 250 micron flux                                                                     
     171  191324.2-381455   19 13 24.23   -38 14 55.5     0.014  0.008     0.006  0.003      13.4  1.0        0.00        0.43         1.22       0.00        0.73         3.52       21.71     3    CrA-H   no SED fit                                                                                          
     172  191327.4-370700   19 13 27.43   -37 07 00.6     0.021  0.018     0.003  0.002      13.4  1.0        0.15        0.10         0.14       0.21        0.11         0.18       90.16     1    N/A     no SED fit                                                                                          
     173  191333.5-381410   19 13 33.59   -38 14 10.6     0.024  0.021     0.009  0.005      13.4  1.0        0.33        0.22         0.28       0.42        0.22         0.33       37.47     1    CrA-H   no SED fit                                                                                          
     174  191333.6-381224   19 13 33.64   -38 12 24.1     0.019  0.016     0.006  0.003      13.4  1.0        0.00        0.23         0.35       0.00        0.29         0.54       40.39     1    CrA-H   no SED fit                                                                                          
     175  191337.4-381223   19 13 37.44   -38 12 23.9     0.017  0.013     0.005  0.003      13.4  1.0        0.00        0.24         0.42       0.00        0.34         0.78       40.01     1    CrA-H   no SED fit                                                                                          
     176  191346.3-363845   19 13 46.33   -36 38 46.0     0.012  0.004     0.001  0.001      13.4  1.0        0.02        0.09         0.71       0.05        0.18         3.92       71.01    -1    N/A     no SED fit, low 250 micron flux                                                                     
     177  191352.7-370332   19 13 52.74   -37 03 32.5     0.016  0.012     0.003  0.002      13.4  1.0        0.51        0.16         0.31       0.95        0.23         0.64       62.15    -1    N/A     no SED fit, low 250 micron flux                                                                     
     178  191358.4-365138   19 13 58.43   -36 51 38.6     0.023  0.020     0.015  0.007      13.4  1.0        0.00        0.39         0.52       0.00        0.42         0.64       21.60     1    CrA-F   no SED fit                                                                                          
     179  191403.0-382617   19 14 03.03   -38 26 17.8     0.012  0.003     0.001  0.001      13.4  1.0        0.16        0.12         2.61       0.42        0.25        24.83       33.67    -1    N/A     no SED fit, low 250 micron flux                                                                     
     180  191430.1-381259   19 14 30.15   -38 12 59.5     0.026  0.023     0.004  0.002      13.4  1.0        0.12        0.09         0.11       0.15        0.09         0.12       86.08     1    N/A     no SED fit                                                                                          
     181  191434.4-380529   19 14 34.50   -38 05 29.7     0.011  0.011     0.001  0.001      19.4  2.0        0.07        0.11         0.11       0.20        0.22         0.22        0.03    -1    N/A     spatially unresolved in col. dens, low mass candidate                                               
     182  191440.3-374145   19 14 40.34   -37 41 45.8     0.011  0.011     0.001  0.001      15.7  1.3        0.05        0.11         0.11       0.14        0.22         0.22        0.03    -1    N/A     spatially unresolved in col. dens, low 250 micron flux, low mass candidate                          
     183  191441.8-380242   19 14 41.83   -38 02 42.6     0.014  0.007     0.002  0.001      13.4  1.0        0.19        0.13         0.45       0.43        0.24         1.46       66.90    -1    N/A     no SED fit, low 250 micron flux                                                                     
     184  191503.6-370143   19 15 03.65   -37 01 43.7     0.021  0.018     0.003  0.001      13.4  1.0        0.32        0.09         0.12       0.46        0.10         0.17      100.81     1    CrA-F   no SED fit                                                                                          
     185  191513.5-363841   19 15 13.51   -36 38 41.8     0.014  0.007     0.002  0.001      13.4  1.0        0.08        0.13         0.45       0.19        0.23         1.52       69.71    -1    N/A     no SED fit, low 250 micron flux                                                                     
     186  191523.4-372229   19 15 23.48   -37 22 29.4     0.012  0.005     0.002  0.001      13.4  1.0        0.03        0.16         1.16       0.08        0.32         6.06       41.39    -1    N/A     no SED fit, low 250 micron flux                                                                     
     187  191527.1-365626   19 15 27.13   -36 56 26.7     0.026  0.023     0.016  0.009      11.8  1.7        0.78        0.33         0.41       0.91        0.31         0.43       23.53     1    CrA-F                                                                                                       
     188  191532.8-365917   19 15 32.89   -36 59 17.0     0.017  0.012     0.030  0.009      10.0  0.6        1.46        1.51         2.86       2.65        2.20         5.73        6.44     3    CrA-F                                                                                                       
     189  191536.9-365918   19 15 36.99   -36 59 18.1     0.044  0.042     0.202  0.063      11.0  0.7        1.13        1.48         1.59       0.79        0.82         0.92        3.35     3    CrA-F                                                                                                       
     190  191539.6-365722   19 15 39.66   -36 57 23.0     0.020  0.016     0.022  0.014       9.6  1.2        0.89        0.78         1.16       1.37        0.95         1.74       11.86     3    CrA-F                                                                                                       
     191  191545.4-382528   19 15 45.47   -38 25 28.4     0.013  0.007     0.002  0.001      14.4  1.4        0.23        0.13         0.51       0.52        0.23         1.91       66.76    -1    N/A     low 250 micron flux                                                                                 
     192  191546.7-365710   19 15 46.79   -36 57 10.8     0.017  0.012     0.002  0.001      13.4  1.0        0.13        0.09         0.17       0.24        0.13         0.34      111.66     1    CrA-F   no SED fit                                                                                          
     193  191550.8-373151   19 15 50.81   -37 31 51.2     0.011  0.011     0.001  0.001      24.9  2.6        0.03        0.11         0.11       0.09        0.22         0.22        0.03    -1    N/A     spatially unresolved in col. dens, low 250 micron flux, low mass candidate                          
     194  191554.1-370356   19 15 54.18   -37 03 56.6     0.017  0.013     0.007  0.004      13.4  1.0        0.24        0.34         0.63       0.43        0.49         1.21       28.21     1    CrA-F   no SED fit                                                                                          
     195  191559.7-363717   19 15 59.79   -36 37 17.6     0.031  0.029     0.103  0.024      12.4  0.6        1.45        1.45         1.68       1.41        1.12         1.39        4.56     3    CrA-G                                                                                                       
     196  191606.4-363633   19 16 06.48   -36 36 33.2     0.029  0.027     0.035  0.022      11.8  1.7        1.24        0.56         0.66       1.29        0.46         0.59       12.62     3    CrA-G                                                                                                       
     197  191614.8-370522   19 16 14.89   -37 05 23.0     0.018  0.014     0.002  0.001      14.7  1.9        0.25        0.10         0.17       0.43        0.13         0.30       98.77     1    CrA-F                                                                                                       
     198  191616.0-381801   19 16 16.02   -38 18 01.3     0.012  0.004     0.001  0.001      23.8  3.2        0.02        0.09         0.84       0.06        0.19         4.99       65.61    -1    N/A     low 250 micron flux, low mass candidate                                                             
     199  191618.4-370211   19 16 18.45   -37 02 11.1     0.018  0.014     0.002  0.001      18.6  2.6        0.14        0.07         0.12       0.24        0.10         0.22      135.34     1    CrA-F                                                                                                       
     200  191620.3-370354   19 16 20.34   -37 03 54.5     0.018  0.014     0.002  0.001      13.4  1.0        0.14        0.08         0.14       0.24        0.11         0.24      113.83     1    CrA-F   no SED fit                                                                                          
     201  191625.1-364833   19 16 25.16   -36 48 34.0     0.018  0.014     0.004  0.002      13.4  1.0        0.00        0.15         0.26       0.00        0.21         0.44       61.67     1    N/A     no SED fit                                                                                          
     202  191629.6-363634   19 16 29.61   -36 36 34.1     0.025  0.022     0.272  0.100       9.1  0.7       10.85        6.26         8.00      13.43        6.19         8.94        1.29     2    CrA-G                                                                                                       
     203  191633.1-363658   19 16 33.10   -36 36 58.6     0.029  0.026     0.097  0.049      13.4  1.0        6.78        1.63         1.94       7.16        1.38         1.79        4.36     3    CrA-G   no SED fit                                                                                          
     204  191633.4-365112   19 16 33.49   -36 51 12.2     0.024  0.022     0.003  0.002      17.3  4.9        0.20        0.07         0.09       0.25        0.07         0.10      117.56     1    N/A                                                                                                         
     205  191643.8-372342   19 16 43.83   -37 23 42.3     0.012  0.003     0.002  0.001      13.4  1.0        0.04        0.20         3.82       0.10        0.41        34.51       21.80    -1    N/A     no SED fit, low 250 micron flux                                                                     
     206  191651.0-363906   19 16 51.07   -36 39 06.2     0.018  0.013     0.002  0.001      13.4  1.0        0.14        0.09         0.16       0.24        0.13         0.29      104.66     1    CrA-G   no SED fit                                                                                          
     207  191654.3-364320   19 16 54.35   -36 43 20.3     0.011  0.011     0.001  0.001      22.2  2.1        0.07        0.11         0.11       0.18        0.22         0.22        0.03    -1    CrA-G   spatially unresolved in col. dens, low mass candidate                                               
     208  191734.6-362523   19 17 34.62   -36 25 24.0     0.011  0.011     0.001  0.001      19.2  2.2        0.03        0.11         0.11       0.07        0.22         0.22        0.03    -1    N/A     spatially unresolved in col. dens, low 250 micron flux, low mass candidate                          
     209  191740.2-370306   19 17 40.30   -37 03 06.6     0.014  0.007     0.002  0.001      13.4  1.0        0.12        0.12         0.42       0.27        0.22         1.37       73.24    -1    N/A     no SED fit, low 250 micron flux                                                                     
     210  191743.0-372112   19 17 43.02   -37 21 12.4     0.012  0.004     0.003  0.001      12.2  1.6        0.17        0.27         2.31       0.41        0.54        13.50       23.22    -1    N/A     low 250 micron flux                                                                                 
     211  191753.2-380202   19 17 53.22   -38 02 02.0     0.023  0.020     0.006  0.003      14.6  2.1        0.31        0.16         0.22       0.40        0.17         0.26       50.55     1    N/A                                                                                                         
     212  191756.1-380410   19 17 56.20   -38 04 10.2     0.015  0.009     0.003  0.002      12.1  2.0        0.29        0.22         0.58       0.60        0.37         1.57       43.08    -1    N/A     low 250 micron flux                                                                                 
     213  191806.7-364054   19 18 06.72   -36 40 55.0     0.013  0.005     0.002  0.001      13.4  1.0        0.07        0.15         0.83       0.17        0.28         3.81       50.63    -1    N/A     no SED fit, low 250 micron flux                                                                     
     214  191819.9-373825   19 18 19.98   -37 38 25.7     0.011  0.011     0.002  0.001      13.4  1.0        0.30        0.20         0.20       0.79        0.43         0.43        0.01    -1    N/A     no SED fit, spatially unresolved in col. dens, low 250 micron flux                                  
     215  191830.5-371224   19 18 30.59   -37 12 24.2     0.013  0.005     0.002  0.001      13.4  1.0        0.08        0.16         1.01       0.21        0.31         4.90       44.67    -1    N/A     no SED fit, low 250 micron flux                                                                     
     216  191832.6-375241   19 18 32.69   -37 52 41.7     0.013  0.006     0.021  0.011       9.0  0.8        0.75        1.68         7.25       1.73        3.13        27.96        4.89    -1    N/A     low 250 micron flux                                                                                 
     217  191858.4-364037   19 18 58.46   -36 40 37.3     0.015  0.009     0.008  0.005      10.5  1.5        0.61        0.49         1.23       1.26        0.81         3.18       19.37    -1    N/A     low 250 micron flux                                                                                 
     218  191910.3-375314   19 19 10.37   -37 53 15.0     0.012  0.003     0.005  0.003      10.9  1.5        0.38        0.53        11.20       0.99        1.09       106.74        7.83    -1    N/A     low 250 micron flux                                                                                 
     219  191917.2-371311   19 19 17.28   -37 13 11.3     0.015  0.009     0.001  0.001      16.7  1.4        0.07        0.06         0.17       0.14        0.11         0.44      147.35    -1    N/A     low 250 micron flux, low mass candidate                                                             
     220  191936.4-362946   19 19 36.43   -36 29 46.6     0.011  0.011     0.002  0.001      13.4  1.0        0.05        0.20         0.20       0.13        0.42         0.42        0.01     4    N/A     no SED fit, spatially unresolved in col. dens                                                       
     221  191944.5-363354   19 19 44.58   -36 33 54.6     0.011  0.011     0.001  0.001      24.0  2.2        0.05        0.11         0.11       0.13        0.22         0.22        0.03    -1    N/A     spatially unresolved in col. dens, low mass candidate                                               
     222  191945.5-373117   19 19 45.53   -37 31 17.0     0.011  0.011     0.001  0.001      13.4  1.0        0.03        0.16         0.16       0.07        0.33         0.33        0.02    -1    N/A     no SED fit, spatially unresolved in col. dens, low 250 micron flux                                  
     223  191954.6-365145   19 19 54.65   -36 51 45.4     0.025  0.022     0.005  0.004      15.5  3.4        0.25        0.12         0.15       0.30        0.12         0.17       66.56     1    N/A                                                                                                         
     224  191958.3-365421   19 19 58.39   -36 54 21.5     0.014  0.007     0.003  0.001      13.4  1.0        0.13        0.20         0.71       0.30        0.36         2.38       43.68    -1    N/A     no SED fit, low 250 micron flux                                                                     
     225  192000.8-365937   19 20 00.86   -36 59 37.2     0.016  0.011     0.001  0.001      15.8  1.4        0.10        0.05         0.11       0.20        0.08         0.23      182.01    -1    N/A     low 250 micron flux, low mass candidate                                                             
     226  192020.8-372745   19 20 20.80   -37 27 45.5     0.011  0.011     0.001  0.001      24.3  2.4        0.05        0.11         0.11       0.12        0.22         0.22        0.03    -1    N/A     spatially unresolved in col. dens, low mass candidate                                               
     227  192054.7-370108   19 20 54.75   -37 01 08.4     0.019  0.015     0.003  0.001      13.4  1.0        0.15        0.11         0.17       0.25        0.14         0.27       88.70     1    N/A     no SED fit                                                                                          
     228  192059.1-370004   19 20 59.18   -37 00 04.0     0.039  0.038     0.099  0.032      12.2  0.9        1.03        0.89         0.97       0.80        0.55         0.63        6.11     3    N/A                                                                                                         
     229  192101.0-370457   19 21 01.02   -37 04 57.5     0.020  0.016     0.004  0.002      13.4  1.0        0.16        0.13         0.20       0.24        0.16         0.29       70.68     1    N/A     no SED fit                                                                                          
     230  192121.0-370026   19 21 21.04   -37 00 26.9     0.031  0.028     0.010  0.005      13.4  1.0        0.18        0.15         0.17       0.17        0.12         0.15       46.04     1    N/A     no SED fit                                                                                          
     231  192134.7-363302   19 21 34.77   -36 33 02.1     0.019  0.015     0.006  0.004      11.7  1.7        0.26        0.24         0.39       0.42        0.32         0.64       38.68     1    N/A                                                                                                         
     232  192135.3-372023   19 21 35.37   -37 20 23.2     0.012  0.003     0.002  0.001      13.4  1.0        0.13        0.16         2.11       0.34        0.33        15.56       32.23    -1    N/A     no SED fit, low 250 micron flux                                                                     
     233  192140.6-363121   19 21 40.69   -36 31 21.6     0.012  0.005     0.007  0.004      13.4  1.0        0.22        0.65         4.30       0.53        1.26        21.65       10.77     3    N/A     no SED fit                                                                                          
     234  192155.5-370826   19 21 55.56   -37 08 26.7     0.012  0.004     0.008  0.004       9.8  0.9        0.91        0.80         8.06       2.30        1.60        51.50        7.30    -1    N/A     low 250 micron flux                                                                                 
     235  192157.9-365622   19 21 57.91   -36 56 23.0     0.016  0.011     0.002  0.001      13.4  1.0        0.15        0.12         0.25       0.29        0.19         0.56       79.69     1    N/A     no SED fit                                                                                          
     236  192214.9-365024   19 22 14.94   -36 50 24.0     0.011  0.011     0.001  0.001      18.2  1.6        0.07        0.11         0.11       0.18        0.22         0.22        0.03    -1    N/A     spatially unresolved in col. dens, low 250 micron flux, low mass candidate                          
     237  192221.7-365252   19 22 21.73   -36 52 52.9     0.011  0.011     0.002  0.001      13.1  1.5        0.25        0.21         0.21       0.67        0.45         0.45        0.01    -1    N/A     spatially unresolved in col. dens, low 250 micron flux                                              
     238  192255.0-371214   19 22 55.04   -37 12 14.4     0.011  0.011     0.001  0.001      21.8  2.5        0.02        0.11         0.11       0.07        0.22         0.22        0.03    -1    N/A     spatially unresolved in col. dens, low mass candidate                                               
     239  192351.4-365301   19 23 51.49   -36 53 01.4     0.011  0.011     0.002  0.001      13.4  1.0        0.12        0.18         0.18       0.31        0.38         0.38        0.02    -1    N/A     no SED fit, spatially unresolved in col. dens, low 250 micron flux                                  
