! TABLE B2: DERIVED PROPERTIES OF DENSE CORES IN L1495
!
! Published in Marsh, K. A. et al. (2016 - arXiv:1602.03143): "A catalogue of dense cores in the Taurus L1495 cloud from the Herschel Gould Belt Survey"
!
! "First-generation" product from the Herschel Gould Belt survey (HGBS - Andre et al. 2010, A&A, 518, L102)
!
! Acknowledgements: If you use this HGBS product for a publication, please refer to the above two papers (Marsh et al. 2016 and Andre et al. 2010).
!
!
! Description of columns:
!
! (1)     Source number.
! (2)     Source name. The full name consists of the HGBS_J prefixfollowed by the tabulated label derived from J2000 sexagesimal coordinates.
! (3)     Source right ascension (J2000}
! (4)     Source declination (J2000)
! (5)     Core radius as observed [pc].
! (6)     Core radius with 18.2 arcsec beam deconvolved.
! (7)     Core mass [Msun]
! (8)     Uncertainty in core mass [Msun]
! (9)     Dust temperature [K].
! (10)    Uncertainty in dust temperature [K]
! (11)    (N_H2)peak: Peak H2 column density at the resolution of the 500 micron data [10^21 cm^-2]
! (12)    Average column density derived using observed radius [10^21 cm^-2]
! (13)    Average column density derived using deconvolved radius [10^21 cm^-2]
! (14)    (n_H2)peak: Beam-averaged peak volume density [10^4 cm^-3].
! (15)    Average volume density derived using observed radius [10^4 cm^-3].
! (16)    Average volume density derived using deconvolved radius [10^4 cm^-3].
! (17)    Bonnor-Ebert mass ratio, M_BE/Mcore.
! (18)    Core type: 1=unbound starless, 2=prestellar, 3=candidate prestellar (non-robust), 4=dense core with embedded protostar.
! (19)    Comments.
!
!
!
!   (1)       (2)             (3)          (4)         (5)    (6)       (7)    (8)        (9)  (10)     (11)     (12)     (13)     (14)     (15)     (16)      (17)    (18)        (19)
!
     1  040924.1+284723   04 09 24.10   +28 47 23     0.030  0.027     0.040  0.009      12.4   0.5      0.8     0.63     0.78      0.7     0.51     0.71      13.8      1     
     2  040933.1+284343   04 09 33.06   +28 43 43     0.069  0.068     0.063  0.011      14.9   0.6      0.6     0.19     0.20      0.3     0.07     0.07      26.1      1     
     3  040942.8+281940   04 09 42.77   +28 19 40     0.021  0.020     0.009  0.003      15.4   1.2      0.5     0.28     0.31      0.4     0.33     0.37      59.2      1     
     4  040948.1+282007   04 09 48.06   +28 20 07     0.018  0.017     0.006  0.002      15.2   1.0      0.4     0.26     0.30      0.4     0.35     0.42      70.6      1     
     5  040957.8+283701   04 09 57.84   +28 37 01     0.075  0.074     0.226  0.039      13.2   0.5      1.6     0.57     0.59      0.6     0.19     0.19       7.1      1     
     6  041008.6+285034   04 10 08.58   +28 50 34     0.048  0.047     0.012  0.004      14.9   1.1      0.1     0.07     0.08      0.1     0.04     0.04      95.1      1     
     7  041014.0+281227   04 10 13.99   +28 12 27     0.026  0.020     0.042  0.007      12.0   0.4      1.9     0.90     1.48      1.7     0.85     1.79       9.4      1     
     8  041014.0+284920   04 10 14.01   +28 49 20     0.044  0.043     0.010  0.002      15.7   0.9      0.4     0.07     0.08      0.3     0.04     0.04     114.3      1     
     9  041022.5+284020   04 10 22.46   +28 40 20     0.045  0.043     0.226  0.036      12.0   0.4      3.1     1.58     1.73      1.9     0.85     0.98       3.8      1     
    10  041026.7+283158   04 10 26.68   +28 31 58     0.047  0.045     0.022  0.004      15.0   0.7      1.2     0.14     0.15      0.8     0.07     0.08      50.7      1     
    11  041027.4+281859   04 10 27.43   +28 18 59     0.017  0.016     0.004  0.003      13.9   2.8      0.5     0.19     0.21      0.7     0.26     0.32      93.1      1     
    12  041029.1+282431   04 10 29.12   +28 24 31     0.060  0.058     0.106  0.018      15.6   0.6      1.3     0.42     0.44      0.7     0.17     0.19      14.1      1     
    13  041029.5+282313   04 10 29.51   +28 23 13     0.026  0.023     0.030  0.006      13.9   0.6      1.0     0.64     0.84      1.0     0.60     0.90      17.2      1     
    14  041031.3+284019   04 10 31.34   +28 40 19     0.037  0.035     0.043  0.010      12.5   0.5      1.6     0.44     0.50      1.3     0.29     0.35      16.7      1     
    15  041037.7+285006   04 10 37.67   +28 50 06     0.026  0.022     0.006  0.001      16.2   0.8      0.4     0.12     0.17      0.4     0.11     0.18     100.8      1     
    16  041042.3+281854   04 10 42.33   +28 18 54     0.025  0.022     0.009  0.003      16.8   1.1      0.5     0.20     0.27      0.5     0.19     0.30      66.4      1     
    17  041042.8+281925   04 10 42.84   +28 19 25     0.017  0.015     0.061  0.027       8.9   0.7      2.2     3.13     3.73      2.2     4.55     5.93       3.7      3     
    18  041043.0+281825   04 10 43.02   +28 18 25     0.023  0.019     0.067  0.013      10.9   0.4      2.1     1.82     2.79      2.1     1.93     3.66       4.9      1     
    19  041048.4+281754   04 10 48.41   +28 17 54     0.028  0.025     0.031  0.006      11.9   0.5      1.5     0.54     0.68      1.3     0.46     0.66      16.2      1     
    20  041051.0+284614   04 10 50.98   +28 46 14     0.048  0.046     0.013  0.003      15.3   0.7      0.6     0.08     0.09      0.5     0.04     0.05      88.6      1     
    21  041051.2+285040   04 10 51.21   +28 50 40     0.015  0.013     0.014  0.003      14.1   0.6      0.7     0.82     1.11      0.7     1.30     2.04      22.4      1     
    22  041053.1+282123   04 10 53.09   +28 21 23     0.022  0.018     0.045  0.009      12.3   0.5      2.1     1.30     2.08      1.8     1.42     2.88       7.8      1     
    23  041057.5+282146   04 10 57.48   +28 21 46     0.032  0.028     0.021  0.004      14.3   0.6      1.0     0.30     0.38      0.9     0.23     0.32      31.0      1     
    24  041059.6+283230   04 10 59.62   +28 32 30     0.036  0.034     0.018  0.004      15.7   0.9      0.5     0.19     0.22      0.4     0.13     0.16      49.4      1     
    25  041102.9+282952   04 11 02.87   +28 29 52     0.038  0.035     0.019  0.005      14.3   0.7      1.5     0.19     0.21      1.3     0.12     0.15      44.4      1     
    26  041107.0+281503   04 11 06.98   +28 15 04     0.038  0.035     0.022  0.004      14.3   0.6      0.6     0.22     0.25      0.5     0.14     0.17      37.8      1     
    27  041108.1+284947   04 11 08.08   +28 49 47     0.012  0.012     0.002  0.001      19.1   1.6      0.2     0.17     0.17      0.2     0.33     0.33     104.8      1     Spatially unresolved in col. dens.
    28  041108.2+281710   04 11 08.25   +28 17 10     0.020  0.014     0.020  0.005      11.6   0.6      1.4     0.71     1.42      1.6     0.87     2.43      13.6      1     
    29  041109.1+283243   04 11 09.08   +28 32 43     0.069  0.067     0.034  0.007      17.6   0.9      0.4     0.10     0.11      0.2     0.04     0.04      56.6      1     
    30  041111.3+283939   04 11 11.31   +28 39 39     0.017  0.015     0.004  0.001      13.5   0.7      0.2     0.20     0.25      0.3     0.29     0.40      83.8      1     
    31  041111.7+281748   04 11 11.67   +28 17 48     0.025  0.021     0.012  0.003      14.2   0.8      0.6     0.28     0.38      0.7     0.28     0.44      41.1      1     
    32  041116.3+282346   04 11 16.28   +28 23 46     0.024  0.020     0.008  0.002      15.0   0.8      0.3     0.18     0.26      0.3     0.18     0.32      66.1      1     
    33  041117.5+283209   04 11 17.47   +28 32 09     0.031  0.029     0.021  0.005      17.2   0.9      0.4     0.30     0.36      0.3     0.23     0.31      39.1      1     
    34  041121.1+283601   04 11 21.06   +28 36 01     0.034  0.032     0.023  0.005      13.8   0.6      2.0     0.28     0.32      1.8     0.20     0.24      31.3      1     
    35  041127.2+282410   04 11 27.23   +28 24 10     0.033  0.030     0.026  0.005      13.0   0.6      0.6     0.34     0.42      0.5     0.25     0.34      24.6      1     
    36  041133.8+282951   04 11 33.76   +28 29 51     0.026  0.022     0.010  0.002      14.2   0.7      0.5     0.21     0.28      0.6     0.20     0.31      53.2      1     
    37  041141.7+282509   04 11 41.74   +28 25 09     0.021  0.016     0.033  0.006      12.9   0.5      1.2     1.01     1.73      1.2     1.14     2.56      10.6      1     
    38  041142.7+281150   04 11 42.72   +28 11 50     0.022  0.017     0.011  0.002      13.2   0.6      1.2     0.33     0.52      1.2     0.37     0.73      34.0      1     
    39  041202.3+282355   04 12 02.34   +28 23 55     0.069  0.067     0.256  0.042      13.6   0.5      1.7     0.77     0.80      0.7     0.27     0.29       5.9      1     
    40  041203.4+280359   04 12 03.41   +28 03 59     0.014  0.011     0.001  0.000      18.9   2.9      0.2     0.06     0.10      0.2     0.10     0.21     420.3      1     
    41  041206.9+281745   04 12 06.87   +28 17 45     0.034  0.032     0.056  0.009      13.9   0.5      1.2     0.67     0.79      0.8     0.48     0.60      13.0      1     
    42  041209.1+282917   04 12 09.06   +28 29 17     0.026  0.018     0.017  0.004      13.2   0.6      0.7     0.35     0.73      0.7     0.33     0.98      23.3      1     
    43  041215.0+281810   04 12 14.99   +28 18 10     0.050  0.048     0.079  0.013      14.0   0.5      0.8     0.44     0.48      0.5     0.21     0.24      14.0      1     
    44  041216.0+282834   04 12 15.96   +28 28 34     0.021  0.020     0.009  0.006      13.9   2.5      0.7     0.30     0.32      0.7     0.34     0.38      50.5      1     
    45  041219.7+283219   04 12 19.71   +28 32 19     0.041  0.039     0.014  0.003      17.0   0.9      0.5     0.12     0.14      0.4     0.07     0.08      75.6      1     
    46  041227.0+282542   04 12 26.99   +28 25 42     0.045  0.043     0.175  0.088       8.6   0.7      4.2     1.24     1.35      3.7     0.67     0.76       3.5      1     
    47  041231.4+282652   04 12 31.36   +28 26 52     0.028  0.025     0.031  0.010      11.5   0.7      2.2     0.56     0.72      2.0     0.49     0.71      15.2      1     
    48  041234.0+282543   04 12 33.97   +28 25 43     0.056  0.054     0.036  0.007      15.4   0.7      0.6     0.16     0.17      0.4     0.07     0.08      38.5      1     
    49  041244.4+281610   04 12 44.38   +28 16 10     0.057  0.054     0.041  0.007      16.6   0.7      1.0     0.18     0.20      0.6     0.08     0.09      36.1      1     
    50  041254.7+282830   04 12 54.67   +28 28 30     0.018  0.017     0.019  0.011      10.3   1.3      0.8     0.82     0.94      0.9     1.10     1.36      15.1      1     
    51  041301.6+280952   04 13 01.55   +28 09 53     0.023  0.019     0.021  0.004      13.9   0.6      0.8     0.55     0.85      0.8     0.58     1.10      20.6      1     
    52  041306.5+294309   04 13 06.54   +29 43 09     0.026  0.023     0.017  0.003      14.8   0.7      0.6     0.36     0.48      0.6     0.33     0.51      31.8      1     
    53  041308.6+294427   04 13 08.58   +29 44 27     0.019  0.012     0.003  0.001      17.3   1.3      0.3     0.13     0.33      0.3     0.17     0.67     104.7      1     
    54  041308.8+293750   04 13 08.79   +29 37 50     0.016  0.013     0.023  0.006      10.1   0.4      0.9     1.36     1.84      1.0     2.11     3.33       9.5      1     
    55  041311.9+293718   04 13 11.87   +29 37 18     0.026  0.023     0.022  0.006      12.7   0.6      0.6     0.45     0.58      0.7     0.42     0.61      22.2      1     
    56  041313.6+293321   04 13 13.64   +29 33 21     0.029  0.026     0.018  0.004      13.0   0.6      1.0     0.30     0.37      1.0     0.25     0.34      31.2      1     
    57  041313.7+293653   04 13 13.71   +29 36 53     0.020  0.015     0.054  0.013       9.6   0.4      2.0     1.92     3.39      2.1     2.34     5.48       4.4      1     
    58  041316.8+282033   04 13 16.82   +28 20 33     0.051  0.049     0.024  0.005      14.7   0.6      0.5     0.13     0.14      0.3     0.06     0.07      49.7      1     
    59  041317.2+294429   04 13 17.21   +29 44 29     0.037  0.034     0.014  0.003      17.4   0.9      0.5     0.14     0.16      0.4     0.09     0.12      71.9      1     
    60  041320.2+281607   04 13 20.21   +28 16 07     0.030  0.027     0.039  0.007      12.7   0.5      1.2     0.62     0.76      1.2     0.50     0.68      14.5      1     
    61  041320.9+281706   04 13 20.88   +28 17 06     0.021  0.016     0.007  0.002      14.9   0.8      0.5     0.24     0.42      0.5     0.28     0.66      53.1      1     
    62  041321.0+294357   04 13 20.97   +29 43 57     0.022  0.018     0.021  0.006      11.5   0.6      1.0     0.61     0.90      1.0     0.67     1.19      16.3      1     
    63  041322.2+293610   04 13 22.25   +29 36 10     0.042  0.040     0.102  0.020      11.6   0.4      2.4     0.81     0.91      1.6     0.46     0.55       7.5      1     
    64  041323.3+282446   04 13 23.34   +28 24 46     0.027  0.024     0.012  0.002      14.4   0.7      0.7     0.22     0.28      0.7     0.19     0.28      49.3      1     
    65  041323.9+280750   04 13 23.92   +28 07 50     0.035  0.033     0.046  0.008      13.6   0.5      1.5     0.54     0.62      1.3     0.38     0.46      15.8      1     
    66  041324.4+280546   04 13 24.44   +28 05 46     0.023  0.019     0.017  0.003      13.8   0.6      0.6     0.46     0.67      0.7     0.49     0.86      25.3      1     
    67  041324.7+282309   04 13 24.65   +28 23 09     0.022  0.016     0.002  0.001      17.9   1.7      0.2     0.05     0.09      0.2     0.06     0.14     286.8      1     
    68  041326.2+281658   04 13 26.16   +28 16 58     0.025  0.021     0.033  0.007      13.0   0.5      2.0     0.76     1.01      2.3     0.74     1.14      14.1      1     
    69  041327.6+281731   04 13 27.57   +28 17 31     0.015  0.009     0.018  0.006      11.8   0.8      0.9     1.08     3.46      1.1     1.71     9.87       9.3      1     
    70  041329.0+281813   04 13 28.96   +28 18 13     0.015  0.013     0.005  0.002      14.8   1.3      0.3     0.30     0.42      0.3     0.47     0.78      62.8      1     
    71  041329.6+281924   04 13 29.64   +28 19 24     0.019  0.018     0.015  0.005      13.0   0.8      0.7     0.61     0.68      0.8     0.79     0.93      25.2      1     
    72  041331.4+294858   04 13 31.36   +29 48 58     0.041  0.038     0.027  0.007      12.2   0.6      0.3     0.23     0.27      0.3     0.14     0.17      28.2      1     
    73  041332.3+295328   04 13 32.33   +29 53 28     0.041  0.036     0.047  0.009      15.1   0.6      0.9     0.39     0.50      0.5     0.23     0.33      19.4      1     
    74  041332.5+281702   04 13 32.49   +28 17 02     0.012  0.012     0.000  0.000      24.9  15.1      0.3     0.02     0.02      0.3     0.04     0.04    1137.1      1     Spatially unresolved in col. dens.
    75  041333.1+280613   04 13 33.06   +28 06 13     0.023  0.018     0.047  0.018      10.9   1.0      2.1     1.33     2.04      2.1     1.43     2.72       6.9      1     
    76  041335.4+282117   04 13 35.45   +28 21 17     0.046  0.045     1.488  0.243       8.7   0.2     41.1     9.86    10.67     23.4     5.17     5.82       0.4      2     
    77  041336.0+281919   04 13 35.98   +28 19 20     0.019  0.012     0.090  0.067       7.9   1.2      4.5     3.44     8.58      4.7     4.34    17.09       1.8      2     
    78  041336.6+292934   04 13 36.57   +29 29 34     0.027  0.020     0.009  0.002      16.3   0.9      0.3     0.18     0.33      0.3     0.17     0.40      58.1      1     
    79  041338.0+281502   04 13 38.02   +28 15 02     0.017  0.011     0.023  0.008      11.7   0.6      2.6     1.12     2.81      2.6     1.57     6.26       8.9      1     
    80  041338.7+294309   04 13 38.71   +29 43 09     0.019  0.013     0.006  0.004      14.5   1.8      0.3     0.26     0.56      0.3     0.33     1.05      47.3      1     
    81  041338.9+294545   04 13 38.94   +29 45 45     0.028  0.024     0.011  0.003      16.1   1.0      0.4     0.20     0.28      0.4     0.17     0.29      56.2      1     
    82  041339.2+294409   04 13 39.15   +29 44 09     0.018  0.017     0.164  0.211       7.5   1.5      4.9     6.98     7.92      5.1     9.29    11.23       1.3      2     
    83  041339.2+280800   04 13 39.19   +28 08 00     0.018  0.013     0.019  0.006      12.8   0.7      2.2     0.83     1.56      2.6     1.11     2.89      14.5      1     
    84  041340.3+280712   04 13 40.25   +28 07 12     0.032  0.029     0.304  0.062       9.3   0.3      8.7     4.15     5.03      6.8     3.13     4.17       1.5      2     
    85  041340.4+281839   04 13 40.38   +28 18 39     0.022  0.018     0.022  0.014      11.3   1.7      1.1     0.67     1.00      1.1     0.74     1.38      14.9      1     
    86  041341.1+282110   04 13 41.10   +28 21 10     0.022  0.016     0.158  0.038       9.4   0.4      5.9     4.85     8.52      5.7     5.48    12.77       1.6      2     
    87  041342.8+294411   04 13 42.81   +29 44 11     0.018  0.011     0.018  0.012      11.1   1.2      0.8     0.81     2.17      0.9     1.11     4.87      11.1      1     
    88  041343.5+280717   04 13 43.49   +28 07 17     0.025  0.022     0.029  0.007      12.6   0.6      1.9     0.64     0.85      2.0     0.62     0.93      15.7      1     
    89  041344.1+294320   04 13 44.13   +29 43 20     0.026  0.021     0.159  0.029      11.2   0.4      5.5     3.42     5.14      5.2     3.23     5.95       2.4      3     
    90  041345.0+280753   04 13 45.02   +28 07 53     0.025  0.021     0.070  0.018      11.0   0.4      3.6     1.62     2.19      3.7     1.58     2.49       5.5      1     
    91  041346.7+282025   04 13 46.67   +28 20 25     0.018  0.012     0.017  0.004      13.7   0.6      1.1     0.70     1.73      1.1     0.92     3.60      15.9      1     
    92  041346.7+295515   04 13 46.72   +29 55 15     0.066  0.065     0.035  0.008      16.4   0.8      0.3     0.11     0.12      0.2     0.04     0.05      49.3      1     
    93  041347.4+295414   04 13 47.41   +29 54 14     0.012  0.012     0.017  0.008      11.1   1.0      1.1     1.59     1.59      1.2     3.13     3.13       6.5      1     Spatially unresolved in col. dens.
    94  041347.4+281234   04 13 47.42   +28 12 34     0.050  0.049     1.388  0.218      10.2   0.3     15.7     7.77     8.33      8.6     3.75     4.16       0.6      2     
    95  041347.5+294327   04 13 47.48   +29 43 27     0.015  0.013     0.066  0.016      10.4   0.4      3.2     4.19     5.94      4.0     6.83    11.52       3.2      3     
    96  041349.8+280749   04 13 49.83   +28 07 49     0.021  0.020     0.022  0.006      13.2   0.7      1.0     0.72     0.78      1.1     0.84     0.95      19.9      1     
    97  041350.4+281449   04 13 50.43   +28 14 49     0.014  0.010     0.019  0.011       9.9   1.0      0.9     1.46     2.65      1.1     2.62     6.42       8.7      1     
    98  041350.5+281638   04 13 50.47   +28 16 39     0.021  0.016     0.012  0.003      13.9   0.8      0.7     0.38     0.64      0.7     0.44     0.95      31.2      1     
    99  041351.7+281102   04 13 51.72   +28 11 02     0.023  0.020     0.097  0.023      12.1   0.5      4.9     2.55     3.62      5.1     2.67     4.51       4.0      1     
   100  041353.7+280916   04 13 53.72   +28 09 16     0.047  0.045     0.028  0.009      15.6   1.1      0.4     0.18     0.20      0.3     0.09     0.11      41.6      1     
   101  041354.0+294557   04 13 54.01   +29 45 57     0.049  0.047     0.036  0.007      14.4   0.6      0.6     0.21     0.23      0.4     0.10     0.12      31.2      1     
   102  041355.9+294213   04 13 55.86   +29 42 13     0.023  0.020     0.044  0.008      11.6   0.4      1.5     1.15     1.63      1.6     1.21     2.03       8.5      1     
   103  041357.9+281049   04 13 57.90   +28 10 49     0.025  0.017     0.011  0.004      17.5   1.4      0.6     0.26     0.55      0.6     0.26     0.79      43.9      1     
   104  041358.3+282055   04 13 58.27   +28 20 55     0.019  0.018     0.003  0.001      16.4   2.0      0.1     0.11     0.12      0.1     0.13     0.15     178.0      1     
   105  041359.8+284914   04 13 59.76   +28 49 14     0.050  0.048     0.168  0.028      13.8   0.5      1.3     0.96     1.02      0.6     0.47     0.51       6.5      1     
   106  041400.7+294141   04 14 00.69   +29 41 41     0.019  0.018     0.027  0.006      10.2   0.5      1.6     1.11     1.24      1.6     1.45     1.69      10.8      1     
   107  041401.5+280612   04 14 01.48   +28 06 12     0.039  0.037     0.014  0.004      15.7   0.9      0.4     0.13     0.15      0.3     0.08     0.10      68.6      1     
   108  041401.5+281308   04 14 01.52   +28 13 08     0.019  0.018     0.001  0.001      19.6   3.0      0.1     0.05     0.06      0.1     0.07     0.08     436.8      1     
   109  041403.0+280947   04 14 02.98   +28 09 47     0.028  0.025     0.064  0.022      11.0   0.5     40.1     1.12     1.40     40.4     0.95     1.34       7.2      1     
   110  041404.3+280544   04 14 04.34   +28 05 44     0.015  0.013     0.004  0.002      13.8   1.5      0.3     0.25     0.33      0.3     0.40     0.63      75.4      1     
   111  041408.2+280714   04 14 08.17   +28 07 14     0.016  0.009     0.012  0.005      11.9   0.7     11.3     0.69     2.03     12.6     1.04     5.27      14.7      1     
   112  041408.9+282706   04 14 08.87   +28 27 06     0.046  0.044     0.017  0.003      15.8   0.7      0.3     0.11     0.12      0.2     0.06     0.07      67.9      1     
   113  041408.9+293453   04 14 08.90   +29 34 53     0.050  0.048     0.051  0.010      14.3   0.6      0.6     0.29     0.32      0.4     0.14     0.16      22.2      1     
   114  041410.1+281658   04 14 10.12   +28 16 58     0.026  0.020     0.019  0.006      13.0   0.7      0.8     0.39     0.66      0.8     0.36     0.80      22.9      1     
   115  041411.0+280915   04 14 10.97   +28 09 15     0.022  0.017     0.097  0.020      11.1   0.4      4.6     2.92     4.88      5.4     3.26     7.04       3.2      3     
   116  041412.4+280837   04 14 12.40   +28 08 37     0.014  0.011     0.037  0.008      13.4   0.6      2.0     2.75     4.57      2.4     4.84    10.35       6.4      4     
   117  041412.6+280711   04 14 12.57   +28 07 11     0.028  0.024     0.075  0.022      10.7   0.5      9.7     1.37     1.80      8.5     1.19     1.80       5.7      1     
   118  041412.6+294044   04 14 12.60   +29 40 44     0.021  0.017     0.018  0.004      13.6   0.6      0.8     0.55     0.85      1.0     0.63     1.20      21.6      1     
   119  041413.2+293951   04 14 13.20   +29 39 51     0.018  0.017     0.016  0.004      12.5   0.5      1.0     0.74     0.84      1.1     1.01     1.23      20.8      1     
   120  041413.6+280857   04 14 13.57   +28 08 57     0.013  0.008     0.055  0.017      10.2   0.5      2.9     4.85    14.01      3.6     9.24    45.37       2.3      3     
   121  041414.1+281937   04 14 14.10   +28 19 37     0.055  0.053     0.023  0.006      14.6   0.8      0.7     0.11     0.12      0.5     0.05     0.05      54.9      1     
   122  041415.3+294211   04 14 15.30   +29 42 11     0.026  0.021     0.007  0.002      15.7   1.0      0.2     0.14     0.22      0.2     0.13     0.25      82.1      1     
   123  041417.4+293935   04 14 17.43   +29 39 35     0.019  0.015     0.024  0.015       9.6   1.3      1.6     0.90     1.58      1.8     1.12     2.63       9.7      1     
   124  041418.1+280428   04 14 18.12   +28 04 28     0.014  0.011     0.004  0.003      13.9   1.9      0.4     0.26     0.45      0.4     0.47     1.02      69.0      1     
   125  041418.3+281215   04 14 18.32   +28 12 15     0.022  0.017     0.033  0.015       9.7   0.9      1.5     0.93     1.64      1.6     1.01     2.36       8.2      1     
   126  041419.5+293824   04 14 19.50   +29 38 24     0.025  0.021     0.083  0.017      11.0   0.4      2.7     1.90     2.70      2.9     1.85     3.13       4.5      1     
   127  041420.9+280409   04 14 20.88   +28 04 09     0.017  0.015     0.008  0.006      12.8   1.5      0.5     0.41     0.49      0.6     0.59     0.77      40.1      1     
   128  041422.3+280921   04 14 22.34   +28 09 21     0.031  0.029     0.042  0.031       9.3   1.2      2.3     0.61     0.73      2.6     0.48     0.62      10.4      1     
   129  041423.5+280809   04 14 23.47   +28 08 09     0.022  0.018     0.300  0.083       8.2   0.4     10.9     9.08    13.64     11.0    10.18    18.75       0.8      2     
   130  041424.3+282229   04 14 24.35   +28 22 29     0.021  0.020     0.003  0.001      15.7   1.1      0.2     0.10     0.11      0.3     0.12     0.13     166.5      1     
   131  041425.0+293515   04 14 25.01   +29 35 15     0.033  0.030     0.345  0.055      10.8   0.3      8.7     4.47     5.29      7.1     3.28     4.22       1.6      2     
   132  041425.4+293739   04 14 25.42   +29 37 39     0.024  0.020     0.045  0.009      13.1   0.5      1.8     1.15     1.63      1.7     1.19     2.00       9.5      1     
   133  041426.6+293508   04 14 26.59   +29 35 08     0.017  0.016     0.074  0.023       9.5   0.5      5.0     3.68     4.35      6.2     5.28     6.79       3.3      3     
   134  041427.2+280714   04 14 27.24   +28 07 14     0.039  0.037     1.299  0.204      10.0   0.3     18.6    12.11    13.52     13.5     7.54     8.89       0.5      2     
   135  041427.5+280454   04 14 27.51   +28 04 54     0.022  0.022     0.172  0.029      12.3   0.4      5.9     4.90     5.15      6.6     5.33     5.74       2.6      3     
   136  041427.9+293925   04 14 27.89   +29 39 25     0.026  0.022     0.042  0.008      13.1   0.5      2.8     0.90     1.28      2.7     0.85     1.44      11.1      1     
   137  041428.2+293456   04 14 28.22   +29 34 56     0.023  0.019     0.409  0.066       9.3   0.2     15.5    11.04    16.75     14.8    11.69    21.83       0.7      2     
   138  041428.3+272935   04 14 28.34   +27 29 35     0.014  0.011     0.005  0.001      12.0   0.4      0.5     0.39     0.66      0.6     0.68     1.52      40.4      1     
   139  041431.5+273249   04 14 31.51   +27 32 49     0.014  0.012     0.011  0.002      10.8   0.4      0.4     0.74     1.08      0.5     1.24     2.18      19.6      1     
   140  041432.2+293532   04 14 32.23   +29 35 32     0.050  0.049     1.608  0.248      10.3   0.3     12.5     9.08     9.68      7.1     4.40     4.84       0.5      2     
   141  041432.4+281306   04 14 32.36   +28 13 06     0.080  0.079     0.078  0.019      14.0   0.7      0.8     0.17     0.18      0.3     0.05     0.05      23.3      1     
   142  041433.7+281926   04 14 33.67   +28 19 26     0.038  0.036     0.065  0.012      13.7   0.5      1.7     0.64     0.72      1.5     0.41     0.49      12.5      1     
   143  041434.5+282004   04 14 34.53   +28 20 04     0.015  0.013     0.021  0.006      11.8   0.7      1.6     1.35     1.86      2.0     2.20     3.57      11.7      1     
   144  041435.4+280202   04 14 35.35   +28 02 02     0.039  0.037     0.018  0.007      12.8   1.4      0.8     0.17     0.20      0.7     0.11     0.13      41.9      1     
   145  041437.0+281955   04 14 37.02   +28 19 55     0.022  0.019     0.075  0.015      10.5   0.4      3.7     2.14     3.13      4.2     2.33     4.10       4.3      1     
   146  041437.8+281723   04 14 37.77   +28 17 23     0.026  0.023     0.034  0.008      11.9   0.5      1.5     0.73     0.95      1.7     0.69     1.02      13.0      1     
   147  041439.3+281929   04 14 39.26   +28 19 29     0.016  0.014     0.022  0.006      11.7   0.5      1.2     1.23     1.54      1.4     1.87     2.61      12.5      1     
   148  041442.8+282331   04 14 42.84   +28 23 31     0.019  0.018     0.014  0.003      12.7   0.6      1.2     0.56     0.63      1.2     0.73     0.86      26.5      1     
   149  041443.3+281341   04 14 43.34   +28 13 41     0.021  0.021     0.006  0.002      15.3   0.9      0.3     0.20     0.21      0.3     0.23     0.25      81.8      1     
   150  041443.6+281724   04 14 43.56   +28 17 24     0.030  0.028     0.040  0.010      11.6   0.5      2.0     0.62     0.75      1.9     0.49     0.66      13.1      1     
   151  041443.9+281946   04 14 43.88   +28 19 46     0.022  0.019     0.049  0.015      11.4   0.6      1.8     1.39     2.01      2.1     1.50     2.61       7.1      1     
   152  041445.0+282203   04 14 44.97   +28 22 03     0.020  0.013     0.018  0.008      11.2   0.9      0.4     0.63     1.60      0.4     0.76     3.03      12.8      1     
   153  041445.6+275653   04 14 45.55   +27 56 53     0.062  0.061     0.582  0.095      12.1   0.4      2.7     2.16     2.25      1.2     0.85     0.90       2.1      3     
   154  041445.9+281352   04 14 45.94   +28 13 52     0.041  0.039     0.030  0.006      13.4   0.6      1.2     0.25     0.27      0.8     0.14     0.17      29.3      1     
   155  041449.1+282258   04 14 49.14   +28 22 58     0.021  0.016     0.035  0.008      12.3   0.5      1.5     1.11     1.87      1.6     1.28     2.80       9.5      1     
   156  041450.3+281734   04 14 50.33   +28 17 34     0.027  0.022     0.017  0.026      10.0   3.0      1.7     0.34     0.49      1.9     0.31     0.53      21.6      1     
   157  041452.8+280738   04 14 52.82   +28 07 38     0.060  0.059     0.041  0.008      15.5   0.7      0.7     0.16     0.17      0.3     0.07     0.07      36.3      1     
   158  041459.4+294722   04 14 59.43   +29 47 22     0.022  0.018     0.016  0.008      10.5   1.2      0.5     0.44     0.65      0.4     0.48     0.86      20.4      1     
   159  041503.3+282115   04 15 03.25   +28 21 15     0.019  0.018     0.057  0.017       9.9   0.5      2.9     2.27     2.52      3.2     2.93     3.42       5.2      1     
   160  041503.6+294819   04 15 03.62   +29 48 19     0.037  0.035     0.017  0.004      15.7   0.9      0.4     0.17     0.19      0.4     0.11     0.13      54.3      1     
   161  041505.8+274850   04 15 05.77   +27 48 50     0.083  0.082     0.043  0.008      17.6   0.9      0.4     0.09     0.09      0.2     0.03     0.03      54.8      1     
   162  041508.0+282300   04 15 08.00   +28 23 00     0.019  0.011     0.004  0.003      17.2   4.8      0.3     0.14     0.39      0.3     0.19     0.82      91.7      1     
   163  041511.8+293833   04 15 11.77   +29 38 34     0.062  0.061     0.125  0.021      13.4   0.5      0.7     0.46     0.47      0.3     0.18     0.19      10.8      1     
   164  041517.2+282616   04 15 17.16   +28 26 17     0.017  0.016     0.015  0.013      10.0   1.7      1.0     0.71     0.83      1.2     1.01     1.29      17.8      1     
   165  041521.9+281430   04 15 21.93   +28 14 30     0.034  0.032     0.088  0.017      10.8   0.4      2.4     1.07     1.24      2.1     0.76     0.94       6.4      1     
   166  041522.5+273042   04 15 22.45   +27 30 42     0.015  0.013     0.017  0.007      10.2   0.9      1.2     1.07     1.45      1.3     1.73     2.74      12.8      1     
   167  041522.5+280630   04 15 22.50   +28 06 30     0.063  0.062     0.063  0.011      15.0   0.6      0.8     0.22     0.24      0.4     0.09     0.09      24.1      1     
   168  041523.1+281517   04 15 23.12   +28 15 17     0.055  0.053     0.091  0.016      14.7   0.6      1.5     0.43     0.45      1.0     0.19     0.21      14.2      1     
   169  041524.4+282107   04 15 24.41   +28 21 07     0.076  0.075     0.541  0.087      12.2   0.4      3.3     1.32     1.36      1.4     0.42     0.44       2.8      1     
   170  041525.9+282235   04 15 25.93   +28 22 35     0.041  0.039     0.156  0.027      11.2   0.3      2.4     1.31     1.44      1.7     0.77     0.89       4.6      1     
   171  041532.2+284640   04 15 32.16   +28 46 40     0.036  0.033     0.210  0.043      10.2   0.3      4.3     2.35     2.70      3.1     1.60     1.98       2.6      3     
   172  041532.9+281656   04 15 32.94   +28 16 56     0.028  0.024     0.009  0.002      15.9   0.9      0.4     0.17     0.23      0.4     0.15     0.24      66.3      1     
   173  041533.1+290859   04 15 33.12   +29 08 59     0.039  0.037     0.008  0.002      16.8   0.9      0.3     0.07     0.08      0.3     0.05     0.05     126.9      1     
   174  041534.1+282050   04 15 34.07   +28 20 50     0.055  0.053     0.217  0.036      13.1   0.4      2.1     1.03     1.08      1.1     0.46     0.49       5.3      1     
   175  041534.6+284807   04 15 34.58   +28 48 07     0.063  0.061     0.534  0.087      11.8   0.4      4.1     1.94     2.04      1.8     0.75     0.81       2.2      3     
   176  041539.1+281900   04 15 39.11   +28 19 00     0.014  0.011     0.003  0.001      14.9   1.1      0.2     0.25     0.38      0.2     0.42     0.83      80.7      4     
   177  041540.1+281518   04 15 40.14   +28 15 18     0.025  0.021     0.019  0.007      10.8   0.8      0.5     0.44     0.60      0.5     0.43     0.69      20.1      1     
   178  041540.4+284821   04 15 40.38   +28 48 21     0.041  0.039     0.682  0.233       8.0   0.5      8.7     5.67     6.38      6.3     3.34     3.97       0.8      2     
   179  041540.6+282209   04 15 40.59   +28 22 09     0.017  0.016     0.005  0.002      14.1   0.9      0.4     0.25     0.29      0.4     0.35     0.45      72.1      1     
   180  041542.0+280844   04 15 42.00   +28 08 44     0.040  0.037     0.022  0.004      16.3   0.7      0.6     0.20     0.23      0.4     0.12     0.15      45.7      1     
   181  041542.1+281134   04 15 42.05   +28 11 34     0.035  0.032     0.022  0.004      15.3   0.7      0.4     0.26     0.31      0.3     0.18     0.24      36.2      1     
   182  041545.8+291255   04 15 45.82   +29 12 56     0.028  0.022     0.012  0.003      13.3   0.6      0.3     0.23     0.35      0.3     0.20     0.39      39.8      1     
   183  041546.5+280814   04 15 46.51   +28 08 14     0.016  0.014     0.097  0.042       7.7   0.6      3.6     5.40     6.95      4.1     8.18    11.95       1.8      2     
   184  041547.1+281425   04 15 47.10   +28 14 25     0.041  0.038     0.044  0.009      13.3   0.6      0.6     0.36     0.42      0.4     0.21     0.27      19.3      1     
   185  041548.7+284531   04 15 48.70   +28 45 32     0.024  0.018     0.014  0.004      13.1   0.7      0.6     0.33     0.62      0.8     0.33     0.84      27.4      1     
   186  041549.4+285118   04 15 49.36   +28 51 18     0.017  0.011     0.009  0.003      12.4   0.8      1.0     0.43     0.98      1.2     0.60     2.09      25.8      1     
   187  041553.2+281843   04 15 53.16   +28 18 43     0.035  0.033     0.053  0.010      11.5   0.4      4.1     0.60     0.71      3.3     0.42     0.53      11.7      1     
   188  041558.3+285027   04 15 58.27   +28 50 27     0.065  0.063     0.019  0.004      16.5   0.8      0.2     0.07     0.07      0.1     0.02     0.03      88.8      1     
   189  041603.2+281321   04 16 03.22   +28 13 21     0.035  0.032     0.006  0.002      17.4   1.1      0.3     0.07     0.08      0.2     0.05     0.06     148.7      1     
   190  041603.6+291725   04 16 03.63   +29 17 25     0.021  0.015     0.004  0.001      15.7   1.1      0.2     0.13     0.28      0.2     0.15     0.46      91.4      1     
   191  041608.3+275205   04 16 08.33   +27 52 05     0.062  0.060     0.055  0.011      14.1   0.6      0.6     0.21     0.22      0.4     0.08     0.09      25.3      1     
   192  041610.7+281014   04 16 10.70   +28 10 14     0.033  0.029     0.044  0.010      12.1   0.5      1.3     0.59     0.72      1.1     0.44     0.60      13.2      1     
   193  041611.3+281951   04 16 11.30   +28 19 51     0.019  0.014     0.019  0.004      12.7   0.5      0.7     0.77     1.45      0.7     1.01     2.56      15.0      1     
   194  041612.1+280743   04 16 12.12   +28 07 43     0.025  0.021     0.029  0.014      10.6   1.1      1.3     0.67     0.89      1.4     0.66     1.02      13.0      1     
   195  041616.6+280550   04 16 16.64   +28 05 50     0.061  0.059     0.090  0.016      13.4   0.5      0.9     0.35     0.37      0.5     0.14     0.15      14.3      1     
   196  041616.9+281842   04 16 16.85   +28 18 42     0.017  0.011     0.006  0.002      14.1   0.9      0.7     0.30     0.74      0.7     0.43     1.70      41.9      1     
   197  041621.3+281351   04 16 21.28   +28 13 51     0.015  0.013     0.008  0.003      12.2   0.7      0.5     0.53     0.73      0.5     0.87     1.39      30.6      1     
   198  041627.0+284522   04 16 27.05   +28 45 22     0.033  0.030     0.057  0.010      14.2   0.6      1.4     0.73     0.92      1.0     0.53     0.76      12.2      1     
   199  041627.6+284340   04 16 27.64   +28 43 40     0.022  0.016     0.151  0.049      11.0   0.9      7.1     4.32     8.36      7.0     4.71    12.65       1.9      2     
   200  041627.7+281125   04 16 27.67   +28 11 25     0.020  0.020     0.002  0.001      16.2   1.3      0.1     0.08     0.09      0.2     0.10     0.11     217.0      1     
   201  041629.5+284435   04 16 29.46   +28 44 35     0.022  0.018     0.091  0.024       9.8   0.5      4.6     2.73     4.14      5.4     3.05     5.68       3.1      3     
   202  041630.8+284922   04 16 30.80   +28 49 22     0.018  0.017     0.007  0.002      14.6   1.0      0.3     0.33     0.38      0.3     0.46     0.55      53.9      1     
   203  041634.6+285747   04 16 34.57   +28 57 48     0.059  0.057     0.064  0.011      13.1   0.5      0.7     0.27     0.28      0.5     0.11     0.12      19.2      1     
   204  041637.2+283854   04 16 37.20   +28 38 54     0.021  0.017     0.013  0.004      12.2   0.8      0.5     0.43     0.68      0.6     0.51     0.99      25.1      1     
   205  041638.4+284031   04 16 38.38   +28 40 31     0.014  0.007     0.013  0.005      11.5   0.7      0.7     0.91     3.68      0.8     1.55    12.57      10.2      1     
   206  041640.6+284015   04 16 40.60   +28 40 15     0.021  0.017     0.090  0.018      10.2   0.4     12.7     2.86     4.45     13.9     3.29     6.38       3.2      3     
   207  041641.0+283802   04 16 40.98   +28 38 02     0.029  0.025     0.110  0.019      11.6   0.4      4.1     1.92     2.51      3.8     1.63     2.45       4.3      1     
   208  041641.7+285052   04 16 41.73   +28 50 52     0.027  0.026     0.088  0.019      10.2   0.4      2.2     1.73     1.78      2.0     1.57     1.63       5.1      1     
   209  041643.8+283703   04 16 43.77   +28 37 03     0.016  0.010     0.013  0.004      11.9   0.6      0.9     0.73     1.83      1.1     1.11     4.41      15.1      1     
   210  041644.3+284717   04 16 44.34   +28 47 17     0.021  0.016     0.008  0.002      12.3   0.7      2.4     0.25     0.45      2.8     0.28     0.70      40.2      1     
   211  041645.1+283610   04 16 45.12   +28 36 10     0.014  0.012     0.004  0.003      11.9   1.4      0.5     0.30     0.45      0.6     0.51     0.96      53.3      1     
   212  041645.8+284952   04 16 45.81   +28 49 52     0.025  0.022     0.238  0.048       9.1   0.3     19.1     5.37     7.14     19.0     5.21     7.98       1.4      2     
   213  041647.2+284844   04 16 47.21   +28 48 44     0.026  0.021     0.014  0.003      12.7   0.6      1.0     0.29     0.43      1.1     0.27     0.49      32.5      1     
   214  041647.6+275338   04 16 47.63   +27 53 38     0.023  0.018     0.011  0.002      15.1   0.7      0.5     0.31     0.49      0.5     0.33     0.65      40.0      1     
   215  041648.2+283529   04 16 48.20   +28 35 29     0.015  0.013     0.003  0.001      15.5   1.5      0.2     0.16     0.22      0.2     0.26     0.41     128.5      1     
   216  041649.3+285212   04 16 49.28   +28 52 12     0.015  0.008     0.003  0.001      14.4   1.2      0.3     0.21     0.75      0.4     0.34     2.33      57.3      1     
   217  041651.5+283537   04 16 51.46   +28 35 37     0.018  0.017     0.034  0.007      11.5   0.4      2.2     1.47     1.66      2.3     1.96     2.35       9.5      1     
   218  041652.3+283032   04 16 52.28   +28 30 32     0.018  0.016     0.002  0.001      18.9   2.6      0.1     0.07     0.08      0.1     0.10     0.13     324.0      1     
   219  041655.8+285208   04 16 55.84   +28 52 08     0.048  0.047     0.051  0.009      14.0   0.5      0.6     0.31     0.34      0.3     0.16     0.18      20.9      1     
   220  041656.9+284635   04 16 56.86   +28 46 35     0.021  0.016     0.021  0.005      12.7   0.6      1.0     0.68     1.16      1.1     0.79     1.76      15.9      1     
   221  041657.3+283412   04 16 57.27   +28 34 12     0.019  0.013     0.033  0.006      12.1   0.4      1.8     1.29     2.71      2.1     1.65     5.03       8.0      1     
   222  041657.5+282939   04 16 57.55   +28 29 39     0.027  0.024     0.151  0.027      11.2   0.4      4.3     2.86     3.70      3.9     2.54     3.73       2.9      3     
   223  041657.8+283328   04 16 57.80   +28 33 28     0.015  0.013     0.006  0.002      14.4   0.9      0.3     0.34     0.45      0.3     0.54     0.81      56.8      1     
   224  041658.3+283200   04 16 58.29   +28 32 00     0.035  0.032     0.137  0.023      11.4   0.3      3.7     1.59     1.86      3.2     1.11     1.39       4.4      1     
   225  041658.6+285632   04 16 58.62   +28 56 32     0.098  0.097     0.076  0.014      18.5   0.9      0.5     0.11     0.11      0.2     0.03     0.03      38.7      1     
   226  041659.4+281249   04 16 59.37   +28 12 49     0.034  0.032     0.011  0.003      13.4   0.8      0.5     0.13     0.16      0.4     0.10     0.12      64.0      1     
   227  041700.4+282631   04 17 00.42   +28 26 31     0.031  0.028     0.202  0.033      13.0   0.4      6.9     3.02     3.75      6.4     2.39     3.30       2.9      3     
   228  041700.4+281832   04 17 00.43   +28 18 32     0.022  0.022     0.010  0.003      14.9   0.8      0.8     0.29     0.31      0.8     0.32     0.35      52.7      1     
   229  041700.4+285355   04 17 00.44   +28 53 55     0.018  0.012     0.003  0.001      17.8   1.5      0.2     0.14     0.33      0.3     0.20     0.69     108.9      1     
   230  041701.4+282003   04 17 01.42   +28 20 03     0.026  0.021     0.008  0.004      12.9   1.1      0.2     0.18     0.26      0.3     0.17     0.30      54.0      1     
   231  041702.3+284805   04 17 02.31   +28 48 05     0.036  0.032     0.013  0.003      15.0   0.8      0.3     0.15     0.18      0.3     0.10     0.14      59.6      1     
   232  041703.1+283929   04 17 03.06   +28 39 30     0.047  0.045     0.213  0.037      12.3   0.4      2.6     1.39     1.49      1.5     0.72     0.81       4.3      1     
   233  041705.8+282802   04 17 05.82   +28 28 02     0.019  0.014     0.032  0.010      11.7   0.6      1.6     1.23     2.26      1.5     1.55     3.89       8.5      1     
   234  041706.7+282303   04 17 06.66   +28 23 03     0.049  0.048     0.083  0.017      14.9   0.7      1.1     0.49     0.52      0.7     0.24     0.27      14.0      1     
   235  041708.6+282527   04 17 08.58   +28 25 27     0.016  0.014     0.005  0.004      12.9   1.6      0.6     0.30     0.38      0.8     0.46     0.66      56.3      1     
   236  041708.7+275000   04 17 08.67   +27 50 00     0.022  0.018     0.094  0.021       9.8   0.4      2.6     2.65     4.06      2.7     2.86     5.45       3.1      3     
   237  041709.5+281642   04 17 09.48   +28 16 42     0.020  0.015     0.056  0.034       8.5   0.9      2.6     2.10     3.76      2.8     2.62     6.26       3.6      3     
   238  041709.7+282052   04 17 09.70   +28 20 52     0.024  0.020     0.019  0.008      11.8   0.9      0.4     0.47     0.70      0.5     0.48     0.86      19.8      1     
   239  041710.0+282605   04 17 10.00   +28 26 05     0.017  0.011     0.014  0.004      13.3   0.8      0.7     0.67     1.54      0.9     0.93     3.29      17.7      1     
   240  041710.1+284539   04 17 10.10   +28 45 39     0.021  0.015     0.011  0.003      12.7   0.7      1.0     0.36     0.67      1.1     0.42     1.07      29.5      1     
   241  041712.6+282426   04 17 12.58   +28 24 26     0.020  0.015     0.012  0.007      13.2   1.4      2.2     0.41     0.76      2.1     0.50     1.25      27.7      1     
   242  041713.1+281636   04 17 13.14   +28 16 36     0.016  0.014     0.024  0.019       9.4   1.2      1.8     1.36     1.74      1.9     2.11     3.03       9.1      1     
   243  041713.6+282358   04 17 13.59   +28 23 58     0.018  0.012     0.007  0.003      13.8   1.1      0.4     0.31     0.68      0.4     0.43     1.38      39.6      1     
   244  041714.2+281744   04 17 14.24   +28 17 44     0.021  0.017     0.014  0.010      11.0   1.3      0.2     0.45     0.74      0.2     0.52     1.08      21.0      1     
   245  041716.5+274432   04 17 16.46   +27 44 32     0.036  0.032     0.111  0.019      12.0   0.4      3.2     1.23     1.51      2.4     0.84     1.13       5.7      1     
   246  041717.3+282243   04 17 17.31   +28 22 43     0.016  0.014     0.023  0.014      10.0   1.1      0.3     1.30     1.66      0.4     1.99     2.86      10.0      1     
   247  041718.2+282129   04 17 18.24   +28 21 29     0.018  0.016     0.007  0.004      13.5   1.6      0.7     0.30     0.35      0.8     0.41     0.52      54.7      1     
   248  041719.3+274202   04 17 19.33   +27 42 02     0.040  0.038     0.054  0.022      12.0   1.1      0.8     0.48     0.54      0.7     0.29     0.34      13.8      1     
   249  041719.8+281908   04 17 19.82   +28 19 08     0.026  0.021     0.032  0.008      13.5   0.7      1.5     0.68     1.03      1.4     0.63     1.20      14.5      1     
   250  041720.7+275014   04 17 20.74   +27 50 14     0.030  0.027     0.005  0.001      16.4   0.9      0.2     0.08     0.10      0.2     0.07     0.09     138.7      1     
   251  041721.8+282250   04 17 21.85   +28 22 50     0.014  0.010     0.004  0.002      15.7   1.5      0.5     0.28     0.48      0.5     0.50     1.12      72.3      1     
   252  041726.3+282300   04 17 26.28   +28 23 00     0.014  0.007     0.027  0.008      10.9   0.6      1.1     1.80     7.09      1.3     3.01    23.59       4.9      1     
   253  041726.8+282217   04 17 26.81   +28 22 17     0.026  0.023     0.088  0.027      10.0   0.5      2.5     1.81     2.39      2.7     1.68     2.54       4.3      1     
   254  041727.1+280002   04 17 27.08   +28 00 02     0.013  0.009     0.003  0.002      13.6   1.3      3.6     0.25     0.53      4.5     0.46     1.42      66.9      1     
   255  041727.5+274032   04 17 27.54   +27 40 33     0.015  0.013     0.011  0.011      10.7   2.1      1.1     0.68     0.91      1.3     1.09     1.72      21.1      1     
   256  041727.8+275613   04 17 27.78   +27 56 13     0.030  0.027     0.073  0.020      10.0   0.6      3.1     1.14     1.39      3.3     0.92     1.23       6.1      1     
   257  041728.9+275237   04 17 28.88   +27 52 37     0.016  0.015     0.018  0.006      12.1   0.6      1.5     0.98     1.19      1.1     1.45     1.95      16.0      1     
   258  041729.4+280114   04 17 29.36   +28 01 14     0.017  0.010     0.012  0.009      10.6   1.4      0.3     0.61     1.55      0.4     0.89     3.64      15.4      1     
   259  041729.6+274318   04 17 29.63   +27 43 18     0.019  0.018     0.007  0.003      12.2   0.9      0.8     0.26     0.29      0.9     0.34     0.40      54.6      1     
   260  041730.9+274511   04 17 30.95   +27 45 11     0.013  0.009     0.001  0.001      20.0   9.2      0.2     0.05     0.11      0.3     0.09     0.28     477.6      1     
   261  041731.2+280757   04 17 31.19   +28 07 57     0.020  0.014     0.009  0.003      14.3   1.0      0.3     0.31     0.66      0.4     0.38     1.17      37.1      1     
   262  041732.1+274136   04 17 32.13   +27 41 36     0.023  0.019     0.180  0.053       9.4   0.5      4.7     4.68     6.89      4.9     4.86     8.69       1.7      2     
   263  041733.2+274535   04 17 33.19   +27 45 35     0.017  0.016     0.011  0.008       9.8   1.5      1.9     0.52     0.60      1.8     0.73     0.92      23.9      1     
   264  041733.3+281552   04 17 33.27   +28 15 53     0.022  0.017     0.007  0.003      12.7   1.0      0.3     0.21     0.34      0.4     0.24     0.48      50.6      1     
   265  041733.4+275133   04 17 33.42   +27 51 33     0.016  0.015     0.015  0.015      10.2   2.1      1.1     0.79     0.97      1.4     1.19     1.62      16.8      1     
   266  041733.8+275726   04 17 33.82   +27 57 26     0.027  0.021     0.007  0.002      15.1   0.9      0.3     0.14     0.24      0.3     0.13     0.28      71.7      1     
   267  041734.0+275035   04 17 33.97   +27 50 35     0.022  0.016     0.037  0.011      10.7   0.6      1.2     1.06     2.10      1.1     1.16     3.23       7.5      1     
   268  041734.1+284731   04 17 34.08   +28 47 31     0.072  0.071     0.199  0.032      13.0   0.4      1.0     0.55     0.56      0.4     0.18     0.19       7.6      1     
   269  041734.3+280303   04 17 34.33   +28 03 03     0.022  0.014     0.254  0.046       9.9   0.3      9.6     7.61    18.05      9.4     8.49    31.03       0.9      2     
   270  041734.7+280629   04 17 34.74   +28 06 29     0.024  0.020     0.024  0.006      13.6   0.6      1.6     0.59     0.89      1.6     0.60     1.10      18.3      1     
   271  041734.9+275010   04 17 34.91   +27 50 10     0.017  0.015     0.012  0.004      11.1   0.7      0.4     0.63     0.76      0.5     0.92     1.21      22.5      1     
   272  041735.9+280500   04 17 35.93   +28 05 00     0.026  0.023     0.017  0.005      12.6   0.7      0.7     0.35     0.48      0.8     0.33     0.51      26.9      1     
   273  041736.1+275327   04 17 36.13   +27 53 27     0.026  0.022     0.332  0.064       8.8   0.3     18.6     6.73    10.13     17.3     6.18    11.40       0.9      2     
   274  041736.3+281844   04 17 36.33   +28 18 44     0.028  0.020     0.065  0.019       9.8   0.5      1.9     1.20     2.38      1.9     1.05     2.93       4.9      1     
   275  041736.4+275539   04 17 36.43   +27 55 39     0.027  0.024     0.472  0.111       8.5   0.3      7.5     8.96    11.67      7.1     7.96    11.83       0.7      2     
   276  041737.0+280717   04 17 36.97   +28 07 17     0.017  0.016     0.007  0.004      12.7   1.1      0.9     0.33     0.38      1.1     0.46     0.58      49.0      1     
   277  041737.5+281205   04 17 37.52   +28 12 05     0.029  0.027     0.401  0.065       9.4   0.2     12.2     6.57     8.02     11.8     5.41     7.31       1.0      2     
   278  041738.3+274635   04 17 38.34   +27 46 35     0.017  0.015     0.020  0.004      11.8   0.5      1.7     1.02     1.23      1.7     1.50     1.98      14.9      1     
   279  041739.6+274758   04 17 39.56   +27 47 58     0.020  0.019     0.048  0.009      11.0   0.4      2.5     1.79     1.98      2.5     2.22     2.59       7.0      1     
   280  041739.6+274022   04 17 39.62   +27 40 22     0.017  0.012     0.171  0.051       9.0   0.4      7.6     8.02    16.68      8.1    11.20    33.59       1.0      2     
   281  041739.7+273913   04 17 39.66   +27 39 13     0.039  0.037     0.283  0.047      13.3   0.5      5.4     2.60     2.97      4.0     1.61     1.96       2.8      3     
   282  041739.9+281523   04 17 39.93   +28 15 23     0.021  0.020     0.013  0.003      13.5   0.6      2.3     0.45     0.49      2.4     0.54     0.61      32.4      1     
   283  041740.0+275358   04 17 39.98   +27 53 58     0.015  0.013     0.013  0.005      11.6   0.7      0.7     0.83     1.12      0.8     1.34     2.10      18.6      1     
   284  041740.2+281658   04 17 40.18   +28 16 58     0.016  0.014     0.006  0.002      13.1   0.9      0.9     0.35     0.45      1.2     0.55     0.80      49.1      1     
   285  041740.6+282527   04 17 40.56   +28 25 27     0.043  0.041     0.030  0.006      14.7   0.7      0.9     0.24     0.26      0.7     0.13     0.16      32.6      1     
   286  041740.6+280413   04 17 40.58   +28 04 13     0.018  0.017     0.040  0.018      10.4   0.7      3.1     1.80     2.05      3.5     2.45     2.99       7.1      1     
   287  041740.6+282033   04 17 40.59   +28 20 33     0.023  0.018     0.006  0.002      14.4   0.8      0.7     0.17     0.27      0.8     0.18     0.37      69.2      1     
   288  041741.9+280846   04 17 41.89   +28 08 46     0.022  0.017     0.405  0.147       8.2   0.4      8.4    11.95    21.05      8.7    13.23    30.94       0.6      2     
   289  041742.4+274025   04 17 42.41   +27 40 25     0.037  0.035     0.107  0.021      11.9   0.4      4.3     1.09     1.25      4.0     0.71     0.87       6.4      1     
   290  041742.7+281445   04 17 42.69   +28 14 45     0.018  0.016     0.009  0.003      12.5   0.7      0.5     0.40     0.46      0.7     0.55     0.68      38.9      1     
   291  041743.1+280600   04 17 43.05   +28 06 00     0.018  0.012     0.252  0.056       8.7   0.3     22.7    10.76    24.05     25.3    14.34    47.90       0.7      2     
   292  041743.4+280724   04 17 43.39   +28 07 24     0.017  0.015     0.039  0.028       9.1   0.9      3.1     2.03     2.47      3.1     2.98     4.00       5.7      1     
   293  041743.4+273735   04 17 43.45   +27 37 35     0.019  0.018     0.024  0.014      11.7   1.5      1.1     0.92     1.01      1.0     1.15     1.34      14.7      1     
   294  041743.8+281621   04 17 43.77   +28 16 21     0.021  0.014     0.011  0.010      10.7   2.0      1.2     0.36     0.75      1.4     0.42     1.26      22.9      1     
   295  041744.5+273909   04 17 44.49   +27 39 10     0.030  0.027     0.587  0.110       8.7   0.3     13.3     9.09    11.47     12.0     7.29    10.33       0.7      2     
   296  041744.6+273958   04 17 44.64   +27 39 59     0.014  0.012     0.043  0.016       9.8   0.5      2.9     3.00     4.48      3.5     5.09     9.28       4.3      3     
   297  041744.8+275412   04 17 44.84   +27 54 12     0.014  0.011     0.002  0.002      14.6   2.2      1.2     0.15     0.23      1.5     0.25     0.50     131.4      1     
   298  041745.5+282139   04 17 45.54   +28 21 39     0.020  0.014     0.014  0.003      13.5   0.6      0.5     0.49     0.95      0.5     0.60     1.61      23.0      1     
   299  041745.7+281135   04 17 45.68   +28 11 35     0.016  0.015     0.006  0.004      12.9   1.5      0.4     0.30     0.36      0.4     0.44     0.59      56.6      1     
   300  041746.8+280857   04 17 46.81   +28 08 57     0.022  0.017     0.056  0.017      11.1   0.5      2.8     1.67     2.85      3.2     1.85     4.12       5.5      1     
   301  041747.4+282447   04 17 47.42   +28 24 47     0.012  0.012     0.109  0.082       8.2   1.2      4.9    10.14    10.14      4.8    19.96    19.96       0.7      2     Spatially unresolved in col. dens.
   302  041747.5+282804   04 17 47.48   +28 28 04     0.037  0.032     0.053  0.009      13.6   0.5      0.9     0.55     0.73      0.7     0.36     0.55      13.5      1     
   303  041747.5+281421   04 17 47.50   +28 14 21     0.019  0.018     0.025  0.009      10.9   0.7      0.8     0.98     1.08      0.8     1.25     1.44      12.9      1     
   304  041747.6+282423   04 17 47.64   +28 24 23     0.030  0.028     0.021  0.005      16.6   0.9      1.1     0.32     0.38      1.3     0.26     0.34      36.8      1     
   305  041748.5+282341   04 17 48.46   +28 23 41     0.015  0.008     0.031  0.007      10.2   0.4      1.5     1.93     6.28      1.9     3.11    18.29       4.5      3     
   306  041749.3+275013   04 17 49.31   +27 50 13     0.021  0.017     0.054  0.012      10.2   0.4      2.6     1.70     2.60      2.9     1.94     3.67       5.4      1     
   307  041749.6+273751   04 17 49.58   +27 37 51     0.018  0.013     0.009  0.004      13.1   1.0      0.5     0.40     0.74      0.5     0.52     1.33      31.0      1     
   308  041750.3+275604   04 17 50.28   +27 56 04     0.033  0.030     1.064  0.172       9.2   0.2     25.4    13.88    16.28     21.2    10.21    12.97       0.4      2     
   309  041750.4+282146   04 17 50.42   +28 21 46     0.016  0.011     0.007  0.003      12.0   0.9     26.8     0.35     0.83     26.3     0.52     1.89      31.4      1     
   310  041750.7+273247   04 17 50.68   +27 32 47     0.017  0.016     0.004  0.001      14.9   0.9      0.3     0.20     0.23      0.3     0.28     0.34      94.3      1     
   311  041750.9+281006   04 17 50.92   +28 10 06     0.033  0.029     0.126  0.028      10.5   0.4      3.2     1.60     2.07      2.3     1.16     1.71       4.0      1     
   312  041751.4+273703   04 17 51.38   +27 37 03     0.014  0.010     0.001  0.001      17.2   2.5      0.2     0.08     0.15      0.2     0.15     0.37     260.8      1     
   313  041751.9+281232   04 17 51.93   +28 12 32     0.034  0.032     0.716  0.115       9.0   0.2     10.5     8.58     9.85      7.9     6.05     7.44       0.7      2     
   314  041752.3+280510   04 17 52.27   +28 05 10     0.016  0.014     0.021  0.007      11.6   0.6      2.0     1.16     1.44      2.4     1.76     2.42      13.1      1     
   315  041752.6+282342   04 17 52.62   +28 23 42     0.025  0.021     0.074  0.014      12.2   0.4      3.1     1.69     2.33      3.4     1.64     2.66       5.7      1     
   316  041752.7+284120   04 17 52.65   +28 41 20     0.033  0.030     0.026  0.006      12.9   0.6      1.3     0.34     0.40      1.3     0.25     0.32      25.1      1     
   317  041752.7+275113   04 17 52.75   +27 51 13     0.017  0.015     0.038  0.017       8.7   0.7      2.2     1.93     2.31      2.4     2.82     3.69       5.8      1     
   318  041753.5+282420   04 17 53.47   +28 24 20     0.019  0.013     0.107  0.030       9.1   0.4      6.7     4.20     9.41      7.1     5.37    18.01       1.8      2     
   319  041754.1+281900   04 17 54.06   +28 19 00     0.025  0.020     0.094  0.018      10.6   0.3      5.2     2.12     3.43      5.1     2.05     4.21       3.6      3     
   320  041754.4+272646   04 17 54.36   +27 26 46     0.015  0.012     0.004  0.001      15.0   1.0      0.3     0.26     0.37      0.3     0.42     0.74      77.3      1     
   321  041754.4+281554   04 17 54.38   +28 15 54     0.022  0.018     0.008  0.002      16.1   0.9      1.2     0.22     0.33      1.4     0.23     0.44      62.2      1     
   322  041755.0+270759   04 17 54.96   +27 07 59     0.023  0.016     0.005  0.001      14.5   0.8      0.3     0.15     0.29      0.3     0.16     0.44      71.0      1     
   323  041755.0+280534   04 17 54.98   +28 05 35     0.017  0.011     0.024  0.012      11.1   0.8      1.3     1.22     2.86      1.3     1.76     6.31       8.3      1     
   324  041755.4+273153   04 17 55.35   +27 31 53     0.029  0.026     0.015  0.005      12.7   0.8      0.3     0.24     0.30      0.4     0.20     0.28      37.8      1     
   325  041756.0+284022   04 17 56.05   +28 40 22     0.015  0.012     0.017  0.012       9.5   1.1      1.1     1.13     1.60      1.2     1.87     3.17      11.3      1     
   326  041756.1+281947   04 17 56.07   +28 19 47     0.017  0.012     0.021  0.006      12.4   0.6      1.3     0.98     2.18      1.5     1.37     4.58      11.5      1     
   327  041756.3+272756   04 17 56.25   +27 27 57     0.021  0.017     0.022  0.005      13.3   0.6      0.9     0.70     1.17      0.9     0.80     1.72      16.1      1     
   328  041757.1+272553   04 17 57.12   +27 25 53     0.038  0.036     0.160  0.027      12.2   0.4      2.8     1.55     1.73      2.1     0.98     1.16       4.5      1     
   329  041757.5+273143   04 17 57.53   +27 31 43     0.016  0.010     0.020  0.013      10.1   1.4      1.4     1.11     3.04      1.5     1.71     7.70       8.1      1     
   330  041757.7+273459   04 17 57.71   +27 34 59     0.031  0.028     0.010  0.004      14.3   1.1      0.3     0.15     0.18      0.3     0.12     0.16      66.0      1     
   331  041757.8+281217   04 17 57.78   +28 12 17     0.019  0.013     0.296  0.229       6.8   0.7     13.1    11.56    25.83     15.2    14.72    49.16       0.5      3     
   332  041757.8+282213   04 17 57.82   +28 22 13     0.019  0.012     0.008  0.003      13.9   0.9      0.5     0.32     0.83      0.6     0.41     1.74      33.7      1     
   333  041757.8+273832   04 17 57.83   +27 38 33     0.014  0.012     0.003  0.001      14.5   0.9      0.4     0.22     0.34      0.5     0.38     0.72      86.2      1     
   334  041758.0+283858   04 17 58.04   +28 38 59     0.012  0.012     0.055  0.125       7.2   2.9      2.5     5.14     5.14      3.1    10.12    10.12       1.3      2     Spatially unresolved in col. dens.
   335  041759.6+273807   04 17 59.56   +27 38 07     0.018  0.012     0.036  0.012      10.0   0.5     15.6     1.62     3.30     19.3     2.23     6.47       5.7      1     
   336  041759.8+272925   04 17 59.80   +27 29 26     0.020  0.015     0.040  0.022       9.6   1.0      1.3     1.46     2.53      1.6     1.79     4.08       5.9      1     
   337  041800.0+283910   04 18 00.01   +28 39 10     0.053  0.052     0.060  0.012      13.1   0.5      1.1     0.30     0.32      0.8     0.14     0.15      18.7      1     
   338  041800.2+281112   04 18 00.18   +28 11 12     0.024  0.018     0.155  0.047       9.4   0.5      3.7     3.77     6.50      3.6     3.80     8.58       1.8      3     
   339  041800.7+274134   04 18 00.66   +27 41 34     0.025  0.022     0.069  0.013      11.1   0.4      1.8     1.52     2.09      1.9     1.46     2.35       5.7      1     
   340  041801.1+273631   04 18 01.15   +27 36 31     0.018  0.011     0.018  0.007      11.7   0.7      0.9     0.82     2.07      0.9     1.11     4.50      11.8      1     
   341  041801.9+273022   04 18 01.93   +27 30 22     0.015  0.013     0.001  0.001      17.0   2.2      0.1     0.08     0.11      0.1     0.13     0.20     281.7      1     
   342  041802.3+280736   04 18 02.25   +28 07 36     0.022  0.018     0.045  0.017      10.8   0.6      7.2     1.26     1.94      8.3     1.36     2.59       7.1      1     
   343  041803.0+281023   04 18 03.02   +28 10 23     0.021  0.015     0.219  0.180       7.2   0.8      9.2     7.32    13.13      9.5     8.63    20.74       0.8      2     
   344  041803.0+282224   04 18 03.04   +28 22 24     0.019  0.012     0.117  0.029      10.2   0.4      6.5     4.60    11.54      7.2     5.87    23.34       1.7      2     
   345  041803.4+275739   04 18 03.38   +27 57 39     0.030  0.027     0.017  0.004      12.4   0.6      0.7     0.27     0.34      0.7     0.22     0.31      31.5      1     
   346  041803.4+280905   04 18 03.41   +28 09 05     0.016  0.014     0.019  0.026       9.5   2.0      4.1     1.06     1.33      4.0     1.62     2.28      11.7      1     
   347  041803.7+283758   04 18 03.75   +28 37 58     0.015  0.013     0.003  0.001      13.8   1.0      0.5     0.19     0.26      0.7     0.31     0.49      94.8      1     
   348  041803.8+282304   04 18 03.81   +28 23 04     0.019  0.014     0.169  0.035      10.2   0.3      7.4     6.80    12.89      8.6     8.79    22.95       1.4      2     
   349  041803.8+273205   04 18 03.81   +27 32 06     0.017  0.016     0.003  0.002      13.0   1.4      0.9     0.15     0.18      1.1     0.21     0.27     105.9      1     
   350  041804.4+273321   04 18 04.40   +27 33 21     0.022  0.017     0.080  0.017      10.5   0.4      3.4     2.41     3.99      3.5     2.69     5.76       3.6      3     
   351  041805.1+280641   04 18 05.14   +28 06 41     0.034  0.030     0.683  0.124       8.6   0.2     11.1     8.43    10.92      8.7     6.04     8.90       0.6      2     
   352  041805.3+281942   04 18 05.27   +28 19 42     0.018  0.017     0.018  0.005      13.3   0.7      0.9     0.77     0.86      1.0     1.01     1.20      20.8      1     
   353  041805.5+280547   04 18 05.51   +28 05 47     0.019  0.014     0.065  0.052       8.9   1.0      4.1     2.62     4.89      5.0     3.38     8.64       3.1      3     
   354  041806.4+273725   04 18 06.42   +27 37 25     0.020  0.015     0.013  0.004      12.5   0.7      0.5     0.46     0.79      0.5     0.56     1.28      24.4      1     
   355  041807.1+273611   04 18 07.06   +27 36 11     0.017  0.016     0.004  0.004      14.6   2.4      0.5     0.18     0.21      0.6     0.25     0.32     103.2      1     
   356  041807.1+282448   04 18 07.14   +28 24 48     0.021  0.020     0.157  0.077       9.5   0.9      6.6     5.13     5.48      6.9     5.98     6.60       2.0      3     
   357  041807.6+282204   04 18 07.58   +28 22 04     0.018  0.012     0.004  0.002      15.2   1.4      0.2     0.15     0.34      0.2     0.20     0.67      85.8      1     
   358  041807.8+280506   04 18 07.80   +28 05 06     0.029  0.026     0.550  0.089      10.4   0.3     20.7     9.36    11.47     17.5     7.88    10.67       0.8      2     
   359  041808.9+282525   04 18 08.88   +28 25 25     0.017  0.015     0.003  0.001      15.4   1.4      0.4     0.16     0.19      0.4     0.23     0.29     123.9      1     
   360  041809.3+280753   04 18 09.34   +28 07 53     0.015  0.013     0.002  0.001      15.0   1.8      4.3     0.12     0.16      3.7     0.20     0.31     166.6      1     
   361  041809.9+273911   04 18 09.90   +27 39 11     0.018  0.017     0.016  0.003      12.8   0.5      0.9     0.70     0.80      0.9     0.96     1.17      22.4      1     
   362  041810.1+273508   04 18 10.08   +27 35 08     0.025  0.022     0.042  0.014      10.8   0.5      7.2     0.93     1.26      6.6     0.89     1.42       9.3      1     
   363  041810.5+280357   04 18 10.49   +28 03 57     0.024  0.019     0.044  0.008      11.8   0.4      2.5     1.10     1.75      2.5     1.12     2.25       8.4      1     
   364  041810.6+273043   04 18 10.56   +27 30 43     0.015  0.013     0.045  0.044       7.7   1.2      4.0     2.82     3.81      4.5     4.55     7.13       3.6      3     
   365  041812.2+272056   04 18 12.19   +27 20 56     0.023  0.017     0.019  0.009       9.7   0.9      2.2     0.52     0.92      2.4     0.55     1.31      14.4      1     
   366  041812.5+280613   04 18 12.53   +28 06 13     0.016  0.014     0.003  0.003      13.9   3.2      0.4     0.18     0.23      0.4     0.28     0.40     100.1      1     
   367  041812.6+282330   04 18 12.55   +28 23 30     0.034  0.031     0.034  0.013      12.2   0.8      0.6     0.42     0.49      0.5     0.30     0.38      18.6      1     
   368  041813.3+282401   04 18 13.29   +28 24 01     0.017  0.011     0.059  0.025       9.9   0.6      2.5     3.08     7.64      2.8     4.53    17.66       2.9      3     
   369  041813.5+273536   04 18 13.53   +27 35 36     0.026  0.022     0.067  0.019      10.1   0.5      2.6     1.46     1.92      3.2     1.39     2.10       5.5      1     
   370  041814.3+273617   04 18 14.31   +27 36 17     0.013  0.009     0.012  0.004      12.0   0.7      1.1     1.02     2.30      1.3     1.90     6.45      14.1      1     
   371  041814.7+273731   04 18 14.71   +27 37 31     0.024  0.023     0.023  0.014       9.7   1.1      0.8     0.59     0.62      0.9     0.61     0.65      15.8      1     
   372  041814.9+282923   04 18 14.94   +28 29 23     0.040  0.038     0.028  0.007      16.0   0.8      0.9     0.24     0.27      0.8     0.15     0.17      36.4      1     
   373  041815.5+282851   04 18 15.49   +28 28 51     0.012  0.012     0.021  0.043       9.1   3.4      1.3     1.98     1.98      1.4     3.89     3.89       4.3      3     Spatially unresolved in col. dens.
   374  041816.0+282230   04 18 15.98   +28 22 30     0.015  0.013     0.040  0.036       9.2   1.2      0.8     2.39     3.13      0.9     3.78     5.67       5.1      1     
   375  041816.5+273426   04 18 16.51   +27 34 26     0.016  0.014     0.009  0.004      12.2   0.9      0.2     0.50     0.65      0.3     0.76     1.12      31.2      1     
   376  041816.7+272228   04 18 16.66   +27 22 28     0.020  0.015     0.015  0.012       9.9   1.6      0.8     0.53     0.88      0.8     0.65     1.39      17.1      1     
   377  041817.0+272608   04 18 17.02   +27 26 08     0.017  0.016     0.002  0.001      14.9   1.1      0.2     0.11     0.13      0.3     0.15     0.20     171.8      1     
   378  041817.8+282301   04 18 17.77   +28 23 01     0.016  0.014     0.015  0.008      11.3   0.9      0.5     0.87     1.11      0.5     1.35     1.96      17.3      1     
   379  041817.8+273156   04 18 17.84   +27 31 56     0.018  0.013     0.020  0.006      11.0   0.6      1.5     0.89     1.71      1.8     1.21     3.23      11.6      1     
   380  041818.7+272123   04 18 18.73   +27 21 23     0.017  0.016     0.002  0.001      18.2   1.6      0.2     0.09     0.11      0.2     0.13     0.17     252.3      1     
   381  041818.8+282935   04 18 18.81   +28 29 35     0.015  0.012     0.036  0.017      10.0   0.9      2.0     2.38     3.65      2.0     3.94     7.48       5.4      1     
   382  041818.9+282203   04 18 18.93   +28 22 03     0.018  0.017     0.007  0.008      12.3   2.1      0.1     0.29     0.33      0.1     0.38     0.46      51.3      1     
   383  041819.1+282046   04 18 19.10   +28 20 46     0.021  0.015     0.032  0.038       9.9   1.6      0.9     1.04     1.95      0.9     1.20     3.11       7.7      1     
   384  041819.5+272842   04 18 19.49   +27 28 42     0.045  0.043     0.044  0.011      14.1   0.7      1.0     0.30     0.34      0.8     0.16     0.19      22.7      1     
   385  041820.2+273655   04 18 20.22   +27 36 56     0.020  0.015     0.024  0.007      11.3   0.6      1.1     0.87     1.62      1.3     1.06     2.68      11.2      1     
   386  041821.0+272733   04 18 21.03   +27 27 33     0.016  0.009     0.198  0.042       9.2   0.3      8.8    11.57    32.06     10.1    18.04    83.22       0.7      2     
   387  041821.1+282819   04 18 21.05   +28 28 20     0.018  0.017     0.011  0.006      11.2   1.1      0.6     0.48     0.55      0.6     0.64     0.78      28.2      1     No SED fit at 500 micron res.
   388  041821.3+272934   04 18 21.33   +27 29 34     0.018  0.012     0.057  0.024      10.0   0.8      4.4     2.47     5.43      5.4     3.33    10.84       3.5      3     
   389  041822.1+272131   04 18 22.11   +27 21 31     0.039  0.037     0.013  0.005      14.6   1.1      0.5     0.13     0.14      0.4     0.08     0.09      65.8      1     
   390  041822.4+271910   04 18 22.39   +27 19 10     0.015  0.013     0.013  0.005      11.8   0.8      1.0     0.77     1.09      1.2     1.22     2.07      19.7      1     
   391  041823.3+282539   04 18 23.25   +28 25 39     0.022  0.014     0.016  0.008      13.2   1.1      0.5     0.48     1.21      0.5     0.54     2.16      18.8      1     
   392  041823.7+273050   04 18 23.71   +27 30 50     0.015  0.012     0.004  0.003      11.6   1.6      0.2     0.29     0.43      0.3     0.48     0.87      53.4      1     
   393  041823.8+273228   04 18 23.76   +27 32 28     0.026  0.022     0.004  0.002      16.1   1.7      0.2     0.08     0.11      0.2     0.07     0.12     157.3      1     
   394  041824.1+272505   04 18 24.14   +27 25 05     0.013  0.009     0.002  0.001      17.3   1.4      0.2     0.15     0.35      0.2     0.29     0.97     133.9      1     
   395  041824.2+273920   04 18 24.15   +27 39 20     0.035  0.032     0.063  0.015      11.6   0.5      2.4     0.75     0.86      1.7     0.52     0.64       9.7      1     
   396  041824.4+273518   04 18 24.37   +27 35 19     0.021  0.016     0.007  0.002      14.7   1.1      0.2     0.22     0.36      0.3     0.26     0.54      59.7      1     
   397  041824.6+271941   04 18 24.58   +27 19 41     0.015  0.008     0.026  0.008      11.8   0.6      1.4     1.71     6.15      1.7     2.81    19.15       5.8      1     
   398  041824.9+271851   04 18 24.94   +27 18 51     0.032  0.029     0.102  0.020      12.2   0.4      2.4     1.45     1.77      1.9     1.11     1.50       5.6      1     
   399  041825.1+273402   04 18 25.13   +27 34 02     0.019  0.015     0.011  0.003      14.3   0.9      0.7     0.42     0.72      0.8     0.53     1.19      32.0      1     
   400  041825.5+283124   04 18 25.45   +28 31 24     0.029  0.026     0.016  0.007      11.7   0.9      0.4     0.28     0.35      0.4     0.23     0.33      30.1      1     
   401  041825.6+272730   04 18 25.56   +27 27 30     0.034  0.031     0.333  0.055      10.0   0.3      6.9     4.13     4.79      5.6     2.96     3.70       1.6      2     
   402  041826.5+282130   04 18 26.47   +28 21 30     0.018  0.017     0.003  0.005      15.8   4.4      0.5     0.13     0.15      0.5     0.18     0.22     143.1      1     
   403  041826.8+282323   04 18 26.75   +28 23 23     0.037  0.035     1.111  0.287       8.6   0.3     15.6    11.52    13.03     12.2     7.56     9.10       0.4      2     
   404  041827.4+273843   04 18 27.35   +27 38 43     0.016  0.010     0.006  0.007      13.2   4.0      0.9     0.30     0.76      1.1     0.45     1.78      38.9      1     
   405  041827.7+272700   04 18 27.66   +27 27 00     0.018  0.017     0.165  0.045       8.1   0.4      9.7     7.25     8.23     11.1     9.81    11.86       1.4      2     
   406  041829.0+271740   04 18 28.96   +27 17 40     0.015  0.011     0.009  0.002      12.3   0.6      0.6     0.58     0.93      0.7     0.97     1.98      26.9      1     
   407  041832.0+283115   04 18 31.99   +28 31 15     0.015  0.012     0.004  0.001      17.8   1.3      0.5     0.28     0.40      0.6     0.46     0.81      85.6      4     
   408  041832.6+282931   04 18 32.57   +28 29 31     0.018  0.017     0.031  0.013      11.1   0.7      2.1     1.32     1.51      2.1     1.75     2.14      10.0      1     
   409  041832.9+272234   04 18 32.88   +27 22 34     0.025  0.020     0.041  0.009      13.4   0.5      3.0     0.95     1.51      2.9     0.93     1.86      10.5      1     
   410  041833.0+282829   04 18 32.99   +28 28 29     0.035  0.032     1.236  0.652       6.8   0.5     33.6    14.65    16.88     30.7    10.28    12.71       0.3      2     
   411  041833.1+272123   04 18 33.09   +27 21 23     0.016  0.014     0.001  0.001      17.5   2.9      0.5     0.08     0.10      0.6     0.13     0.18     285.5      1     
   412  041833.6+282727   04 18 33.58   +28 27 27     0.038  0.035     0.494  0.359       8.9   1.1     11.3     4.85     5.68      7.4     3.10     3.93       1.0      2     
   413  041833.7+282335   04 18 33.73   +28 23 35     0.032  0.030     0.794  0.222       9.3   0.4     15.9    10.78    12.67     13.9     8.10    10.31       0.6      2     
   414  041835.1+272500   04 18 35.08   +27 25 00     0.016  0.015     0.007  0.003      11.8   0.8     12.0     0.36     0.44     13.2     0.54     0.74      42.7      1     
   415  041838.6+271808   04 18 38.57   +27 18 08     0.016  0.014     0.007  0.002      13.6   0.7      0.8     0.40     0.50      0.9     0.61     0.84      44.2      1     
   416  041839.0+271955   04 18 39.03   +27 19 55     0.019  0.014     0.018  0.005      12.1   0.7      1.7     0.70     1.35      2.2     0.89     2.39      15.4      1     
   417  041839.2+272213   04 18 39.18   +27 22 13     0.021  0.016     0.093  0.020      10.2   0.4      3.9     3.14     5.37      3.9     3.71     8.30       2.8      3     
   418  041839.5+282153   04 18 39.45   +28 21 53     0.026  0.022     0.101  0.027      16.7   1.0      3.3     2.13     3.00      3.0     2.00     3.33       5.9      1     
   419  041839.8+272141   04 18 39.77   +27 21 41     0.016  0.010     0.078  0.031       8.6   0.5      4.6     4.30    11.23      5.6     6.49    27.37       1.8      2     
   420  041840.3+282316   04 18 40.32   +28 23 16     0.038  0.035     2.749  0.775      10.1   0.6     50.7    27.62    31.09     37.2    17.84    21.31       0.2      2     
   421  041840.7+281916   04 18 40.67   +28 19 16     0.013  0.010     0.026  0.008      22.9   2.2      2.4     2.02     3.80      3.0     3.66     9.43      14.4      4     
   422  041841.3+282724   04 18 41.30   +28 27 24     0.013  0.010     0.007  0.003      16.0   1.2      0.5     0.57     1.07      0.6     1.03     2.69      35.8      4     
   423  041843.1+272043   04 18 43.06   +27 20 43     0.020  0.020     0.110  0.061       8.0   0.7      6.3     3.74     4.03      6.6     4.45     4.96       2.3      3     
   424  041844.6+272147   04 18 44.60   +27 21 47     0.017  0.016     0.003  0.006      13.4   6.7      0.6     0.13     0.15      0.8     0.19     0.23     128.4      1     
   425  041847.8+271936   04 18 47.83   +27 19 36     0.020  0.019     0.161  0.030       9.9   0.3     12.4     5.63     6.14     11.8     6.79     7.73       2.0      2     
   426  041847.9+271708   04 18 47.88   +27 17 08     0.035  0.033     0.015  0.004      15.7   0.8      0.9     0.18     0.20      0.9     0.12     0.15      54.9      1     
   427  041849.7+282241   04 18 49.69   +28 22 41     0.037  0.035     0.411  0.160      12.9   0.9      5.9     4.24     4.78      4.8     2.78     3.32       1.8      3     
   428  041850.0+271552   04 18 49.96   +27 15 52     0.031  0.028     0.021  0.004      12.6   0.5      0.7     0.31     0.37      0.6     0.24     0.32      28.3      1     
   429  041851.7+270514   04 18 51.72   +27 05 14     0.013  0.010     0.002  0.001      13.3   0.9      0.2     0.19     0.34      0.2     0.34     0.84      91.3      1     
   430  041852.8+272217   04 18 52.75   +27 22 17     0.026  0.023     0.006  0.002      15.0   1.1      0.2     0.12     0.16      0.2     0.11     0.17      94.2      1     
   431  041852.8+282019   04 18 52.76   +28 20 19     0.020  0.015     0.059  0.028      13.8   1.3      2.7     2.07     3.85      3.1     2.50     6.35       5.7      1     
   432  041853.4+271829   04 18 53.37   +27 18 29     0.018  0.012     0.023  0.011       9.5   0.7      4.0     1.00     2.28      4.5     1.35     4.64       8.1      1     
   433  041855.1+281736   04 18 55.11   +28 17 36     0.023  0.017     0.027  0.008      11.8   0.7      0.5     0.69     1.34      0.5     0.72     1.93      12.3      1     
   434  041855.7+271610   04 18 55.70   +27 16 10     0.017  0.016     0.004  0.001      15.0   0.7      0.5     0.21     0.25      0.5     0.30     0.38      87.9      1     
   435  041858.6+281541   04 18 58.59   +28 15 41     0.023  0.019     0.013  0.003      12.0   0.6      0.7     0.33     0.48      0.8     0.35     0.60      30.1      1     
   436  041901.1+271654   04 19 01.14   +27 16 54     0.024  0.021     0.141  0.055       8.3   0.6      5.5     3.40     4.68      5.4     3.40     5.49       2.0      3     
   437  041902.7+271634   04 19 02.68   +27 16 34     0.013  0.009     0.042  0.014       9.0   0.5      2.4     3.29     6.60      2.6     5.97    16.94       3.4      3     
   438  041905.1+271517   04 19 05.09   +27 15 17     0.018  0.017     0.012  0.011      10.7   2.0      0.9     0.50     0.56      1.0     0.67     0.80      25.9      1     
   439  041906.7+271359   04 19 06.69   +27 13 59     0.015  0.013     0.021  0.006      11.0   0.5      1.3     1.37     1.89      1.7     2.24     3.65      10.7      1     
   440  041910.6+271356   04 19 10.56   +27 13 56     0.035  0.032     0.132  0.026      10.0   0.3      3.3     1.56     1.82      3.1     1.09     1.38       4.0      1     
   441  041913.7+283540   04 19 13.70   +28 35 40     0.073  0.072     0.119  0.020      12.7   0.4      1.0     0.32     0.33      0.7     0.11     0.11      12.6      1     
   442  041916.3+271343   04 19 16.32   +27 13 43     0.017  0.010     0.005  0.002      13.1   0.9      0.2     0.28     0.72      0.2     0.42     1.67      41.1      1     
   443  041916.4+282446   04 19 16.43   +28 24 46     0.019  0.013     0.024  0.012       9.8   1.1      1.1     0.93     2.09      1.3     1.19     3.97       8.6      1     
   444  041918.9+281746   04 19 18.89   +28 17 47     0.065  0.063     0.149  0.024      12.5   0.4      1.4     0.51     0.53      0.7     0.19     0.20       8.8      1     
   445  041919.1+282635   04 19 19.14   +28 26 35     0.023  0.018     0.004  0.001      15.9   0.9      0.4     0.12     0.20      0.4     0.12     0.27     104.7      1     
   446  041922.7+271148   04 19 22.69   +27 11 48     0.016  0.011     0.004  0.001      13.7   0.9      0.4     0.20     0.46      0.5     0.29     1.05      64.7      1     
   447  041923.9+271453   04 19 23.85   +27 14 53     0.031  0.028     0.379  0.060      10.8   0.3     10.5     5.61     6.87      9.4     4.40     5.97       1.3      2     
   448  041926.4+271824   04 19 26.42   +27 18 24     0.028  0.024     0.011  0.003      14.9   1.0      0.4     0.21     0.29      0.4     0.19     0.30      51.3      1     
   449  041928.2+271306   04 19 28.22   +27 13 06     0.023  0.019     0.032  0.031       8.5   1.3      3.2     0.85     1.24      3.5     0.89     1.58       8.4      1     
   450  041931.6+271345   04 19 31.60   +27 13 45     0.019  0.014     0.007  0.003      13.6   1.0      0.3     0.26     0.47      0.3     0.33     0.80      48.4      1     
   451  041933.9+271046   04 19 33.90   +27 10 46     0.037  0.035     0.007  0.002      20.1   1.4      0.4     0.07     0.08      0.3     0.05     0.06     166.7      1     
   452  041934.4+271250   04 19 34.37   +27 12 50     0.025  0.022     0.012  0.005      13.9   1.0      0.5     0.27     0.36      0.6     0.26     0.39      41.1      1     
   453  041935.0+280737   04 19 35.04   +28 07 37     0.022  0.021     0.012  0.003      13.3   0.8      0.4     0.35     0.37      0.4     0.38     0.42      39.7      1     
   454  041937.7+271526   04 19 37.69   +27 15 26     0.028  0.025     0.263  0.048      10.0   0.3     12.2     4.89     6.19     11.5     4.30     6.12       1.5      2     
   455  041938.8+270752   04 19 38.77   +27 07 52     0.013  0.008     0.065  0.055       8.2   1.1      2.2     5.57    13.76      2.2    10.47    40.72       1.7      2     
   456  041940.1+271445   04 19 40.06   +27 14 45     0.023  0.018     0.008  0.004      16.0   1.5      0.4     0.23     0.35      0.5     0.25     0.47      58.4      1     
   457  041940.7+270632   04 19 40.72   +27 06 32     0.062  0.060     0.149  0.025      13.3   0.5      1.7     0.56     0.58      0.9     0.22     0.23       8.8      1     
   458  041940.9+271817   04 19 40.86   +27 18 17     0.028  0.025     0.039  0.008      12.1   0.5      1.3     0.71     0.91      1.3     0.62     0.90      12.6      1     
   459  041941.4+271607   04 19 41.44   +27 16 07     0.013  0.009     0.016  0.004      16.3   0.9      1.3     1.33     2.85      1.6     2.47     7.69      14.9      4     
   460  041942.6+271337   04 19 42.63   +27 13 37     0.013  0.008     0.179  0.029      14.3   0.5     11.3    15.69    45.32     13.9    29.90   146.78       1.0      4     
   461  041943.3+271317   04 19 43.34   +27 13 17     0.020  0.019     0.268  0.053       9.3   0.3      9.8     9.44    10.33     12.0    11.42    13.08       1.1      2     
   462  041944.5+271648   04 19 44.54   +27 16 48     0.020  0.016     0.022  0.012      10.3   1.3      1.6     0.74     1.23      1.9     0.88     1.89      12.4      1     
   463  041951.2+271138   04 19 51.21   +27 11 38     0.026  0.023     0.593  0.113       8.4   0.2     27.8    12.04    15.80     27.1    11.05    16.62       0.5      2     
   464  041954.1+270839   04 19 54.11   +27 08 39     0.014  0.011     0.003  0.001      14.1   0.9      0.6     0.22     0.36      0.8     0.38     0.83      84.7      1     
   465  041955.6+270430   04 19 55.63   +27 04 30     0.037  0.034     0.010  0.002      18.0   1.1      0.4     0.10     0.12      0.3     0.07     0.08     104.5      1     
   466  041955.8+270932   04 19 55.80   +27 09 32     0.018  0.012     0.007  0.003      22.8   2.6      0.5     0.31     0.75      0.7     0.43     1.58      62.0      1     
   467  041958.0+270628   04 19 58.00   +27 06 28     0.022  0.017     0.015  0.006      11.3   1.1      1.0     0.44     0.68      1.1     0.49     0.95      22.2      1     
   468  041958.6+270736   04 19 58.60   +27 07 36     0.015  0.012     0.002  0.001      15.1   1.1      0.2     0.13     0.18      0.3     0.21     0.35     156.7      1     
   469  041958.7+270959   04 19 58.66   +27 09 59     0.015  0.012     0.195  0.032      15.3   0.6     12.9    12.15    17.88     16.0    19.53    34.88       1.6      4     
   470  042000.4+270821   04 20 00.45   +27 08 21     0.020  0.019     0.018  0.003      12.1   0.5      1.3     0.65     0.71      1.3     0.80     0.90      21.0      1     
   471  042002.2+281638   04 20 02.17   +28 16 38     0.073  0.072     0.270  0.044      13.4   0.5      1.3     0.73     0.75      0.5     0.24     0.25       5.8      1     
   472  042002.9+281229   04 20 02.88   +28 12 29     0.028  0.024     0.020  0.005      14.8   0.8      0.6     0.37     0.48      0.5     0.33     0.48      29.9      1     
   473  042003.2+270518   04 20 03.22   +27 05 18     0.014  0.010     0.006  0.005      11.8   2.2      0.8     0.45     0.81      0.9     0.81     1.93      33.5      1     
   474  042010.4+270955   04 20 10.37   +27 09 55     0.019  0.014     0.003  0.001      16.5   1.5      0.2     0.11     0.20      0.2     0.14     0.36     134.4      1     
   475  042013.4+270644   04 20 13.40   +27 06 44     0.019  0.018     0.025  0.008      12.3   0.7      3.8     1.05     1.17      3.6     1.37     1.62      14.0      1     
   476  042013.9+270500   04 20 13.88   +27 05 00     0.031  0.026     0.014  0.003      17.3   1.0      0.6     0.20     0.29      0.5     0.16     0.27      54.3      1     
   477  042014.8+270815   04 20 14.78   +27 08 15     0.027  0.023     0.076  0.014      11.6   0.4      2.3     1.47     2.04      2.1     1.31     2.15       5.8      1     
   478  042015.1+270738   04 20 15.06   +27 07 38     0.015  0.014     0.025  0.008      10.7   0.5      1.6     1.51     1.96      2.0     2.37     3.51       9.4      1     
   479  042017.6+270359   04 20 17.59   +27 03 59     0.024  0.019     0.042  0.012       9.3   0.5      2.9     1.01     1.60      3.2     1.00     2.00       7.0      1     
   480  042021.4+281348   04 20 21.38   +28 13 48     0.013  0.010     0.016  0.004      11.7   0.5      1.0     1.27     2.45      1.2     2.32     6.19      11.6      1     
   481  042023.6+270235   04 20 23.65   +27 02 35     0.013  0.010     0.004  0.004      12.0   3.0      0.7     0.30     0.58      0.8     0.55     1.47      50.1      1     
   482  042038.7+270819   04 20 38.74   +27 08 19     0.040  0.038     0.194  0.037      10.2   0.4      2.1     1.69     1.89      1.5     1.02     1.20       3.3      1     
   483  042040.5+270733   04 20 40.46   +27 07 33     0.023  0.019     0.030  0.006      11.7   0.5      0.8     0.80     1.15      0.8     0.84     1.45      12.4      1     
   484  042044.1+270216   04 20 44.05   +27 02 16     0.019  0.017     0.022  0.008      11.3   0.7      1.2     0.91     1.03      1.3     1.20     1.43      14.7      1     
   485  042046.8+270524   04 20 46.82   +27 05 24     0.017  0.011     0.027  0.022       9.2   1.4      1.9     1.30     2.95      2.2     1.85     6.32       6.4      1     
   486  042048.0+270239   04 20 48.04   +27 02 39     0.020  0.015     0.025  0.009      10.4   0.6      1.9     0.93     1.56      1.8     1.15     2.53      10.3      1     
   487  042048.4+270704   04 20 48.43   +27 07 04     0.025  0.021     0.025  0.008      11.1   0.7      3.6     0.57     0.80      3.9     0.56     0.93      15.6      1     
   488  042051.9+270237   04 20 51.95   +27 02 37     0.027  0.023     0.175  0.036       9.6   0.3      4.3     3.51     4.50      4.3     3.21     4.66       2.1      3     
   489  042052.5+280637   04 20 52.55   +28 06 37     0.013  0.008     0.003  0.003      12.6   3.1      0.2     0.24     0.56      0.2     0.44     1.60      62.5      1     
   490  042052.6+270202   04 20 52.64   +27 02 02     0.017  0.011     0.035  0.043      10.0   2.2      1.7     1.79     4.09      2.0     2.60     9.00       5.2      1     
   491  042054.2+270332   04 20 54.21   +27 03 32     0.030  0.027     0.233  0.052       9.1   0.3      7.1     3.79     4.60      6.5     3.11     4.16       1.7      2     
   492  042054.8+270603   04 20 54.79   +27 06 03     0.025  0.022     0.003  0.001      15.9   1.5      0.2     0.06     0.08      0.2     0.06     0.09     206.2      1     
   493  042100.1+270229   04 21 00.11   +27 02 29     0.022  0.022     0.003  0.002      16.6   2.1      0.1     0.08     0.09      0.1     0.09     0.10     210.1      1     
   494  042105.4+265958   04 21 05.35   +26 59 58     0.047  0.045     0.036  0.009      13.1   0.6      0.7     0.23     0.25      0.6     0.12     0.13      27.5      1     
   495  042106.5+265740   04 21 06.46   +26 57 40     0.021  0.016     0.069  0.012      11.9   0.4      3.0     2.32     3.67      3.6     2.74     5.47       4.6      1     
   496  042107.7+270229   04 21 07.71   +27 02 29     0.018  0.012     0.030  0.006      15.3   0.7      3.5     1.35     3.16      4.3     1.85     6.61       9.7      4     
   497  042107.8+281910   04 21 07.83   +28 19 11     0.013  0.007     0.011  0.008       9.5   1.1      0.3     1.00     3.48      0.4     1.92    12.49       9.4      1     
   498  042109.2+270559   04 21 09.16   +27 05 59     0.016  0.014     0.015  0.008      10.1   1.2      1.0     0.83     1.04      1.1     1.26     1.77      15.9      1     
   499  042110.1+270159   04 21 10.09   +27 01 59     0.014  0.011     0.022  0.005      14.8   0.7      1.4     1.53     2.34      1.7     2.62     4.97      12.9      1     
   500  042111.8+265540   04 21 11.80   +26 55 40     0.021  0.015     0.019  0.004      12.9   0.5      1.0     0.63     1.13      1.2     0.75     1.78      17.5      1     
   501  042111.8+270117   04 21 11.81   +27 01 17     0.015  0.013     0.080  0.015      13.4   0.5      6.3     4.92     6.89      7.3     7.87    13.03       3.5      4     
   502  042112.2+273736   04 21 12.22   +27 37 36     0.043  0.041     0.029  0.005      13.4   0.5      1.4     0.22     0.24      1.1     0.13     0.14      31.0      1     
   503  042112.5+265812   04 21 12.49   +26 58 12     0.014  0.010     0.043  0.019       9.2   0.7      2.4     3.31     5.84      2.7     5.92    13.85       3.6      3     
   504  042113.0+265735   04 21 12.96   +26 57 35     0.042  0.040     0.022  0.006      16.3   0.9      0.7     0.18     0.20      0.6     0.11     0.12      47.8      1     
   505  042114.3+265632   04 21 14.28   +26 56 32     0.025  0.021     0.021  0.005      12.1   0.5      0.9     0.49     0.68      1.0     0.47     0.79      19.6      1     
   506  042117.3+265813   04 21 17.26   +26 58 13     0.026  0.022     0.108  0.025      10.0   0.4      2.3     2.25     3.19      2.0     2.09     3.55       3.3      3     
   507  042117.3+270224   04 21 17.32   +27 02 24     0.014  0.012     0.003  0.001      15.5   1.2      1.0     0.19     0.29      1.3     0.32     0.60     109.3      1     
   508  042120.1+270009   04 21 20.09   +27 00 09     0.019  0.013     0.412  0.310       7.3   0.8     23.0    16.35    34.24     24.8    21.00    63.64       0.4      2     
   509  042120.7+265954   04 21 20.65   +26 59 54     0.012  0.012     0.018  0.016      10.1   1.1      0.6     1.67     1.67      0.8     3.28     3.28       5.6      1     Spatially unresolved in col. dens.
   510  042120.9+273002   04 21 20.85   +27 30 02     0.038  0.035     0.012  0.003      17.0   1.0      0.4     0.12     0.14      0.3     0.08     0.10      80.0      1     
   511  042122.2+265942   04 21 22.17   +26 59 42     0.024  0.020     0.145  0.101       9.9   1.3     13.1     3.60     4.94     15.0     3.65     5.86       2.3      3     
   512  042124.6+265909   04 21 24.63   +26 59 10     0.015  0.009     0.113  0.050       8.2   0.6      5.5     6.75    19.00      6.8    10.64    50.30       1.1      2     
   513  042126.6+270024   04 21 26.57   +27 00 24     0.019  0.013     0.004  0.003      12.4   1.5     93.6     0.18     0.39    115.7     0.23     0.76      58.0      1     
   514  042132.7+265653   04 21 32.70   +26 56 54     0.029  0.025     0.060  0.011      12.2   0.4      2.0     1.01     1.39      1.7     0.85     1.36       8.3      1     
   515  042142.6+265801   04 21 42.64   +26 58 01     0.017  0.016     0.003  0.001      14.5   1.0      0.3     0.12     0.14      0.4     0.17     0.21     151.9      1     
   516  042143.2+274750   04 21 43.23   +27 47 50     0.024  0.020     0.003  0.001      18.1   1.3      0.2     0.08     0.12      0.3     0.08     0.14     184.2      1     
   517  042148.5+265556   04 21 48.48   +26 55 56     0.028  0.025     0.086  0.015      12.3   0.4      3.5     1.57     2.00      3.5     1.37     1.97       5.8      1     
   518  042155.1+282940   04 21 55.07   +28 29 40     0.063  0.062     0.129  0.026      13.2   0.5      1.1     0.46     0.48      0.5     0.18     0.19      10.4      1     
   519  042156.2+265602   04 21 56.22   +26 56 02     0.018  0.016     0.044  0.013      10.1   0.5      1.8     2.01     2.35      2.0     2.76     3.48       6.1      1     
   520  042202.9+265224   04 22 02.92   +26 52 24     0.030  0.027     0.028  0.006      12.9   0.5      0.9     0.44     0.53      0.9     0.36     0.48      20.7      1     
   521  042204.7+270113   04 22 04.74   +27 01 13     0.024  0.017     0.007  0.002      16.6   0.9      0.3     0.17     0.36      0.3     0.17     0.53      65.5      1     
   522  042209.6+265401   04 22 09.62   +26 54 01     0.034  0.031     0.012  0.003      13.4   0.7      0.6     0.15     0.18      0.6     0.11     0.14      57.4      1     
   523  042213.2+265429   04 22 13.18   +26 54 30     0.018  0.012     0.021  0.014       9.2   1.2      1.0     0.95     2.11      1.1     1.32     4.34       8.6      1     
   524  042239.4+265100   04 22 39.37   +26 51 00     0.019  0.018     0.010  0.003      12.9   0.7      0.4     0.41     0.46      0.4     0.52     0.62      36.4      1     
   525  042248.0+264553   04 22 47.98   +26 45 53     0.014  0.010     0.008  0.002      13.5   0.6      0.7     0.61     1.06      0.9     1.09     2.48      28.6      4     
   526  042252.0+264151   04 22 52.05   +26 41 51     0.021  0.020     0.012  0.004      12.4   0.8      0.7     0.42     0.45      0.8     0.49     0.55      32.5      1     
   527  042255.3+265246   04 22 55.28   +26 52 46     0.015  0.013     0.004  0.002      14.2   1.4      0.2     0.23     0.31      0.2     0.37     0.60      83.8      1     
   528  042303.8+264009   04 23 03.78   +26 40 09     0.040  0.038     0.078  0.015      15.3   0.7      1.4     0.68     0.76      0.9     0.41     0.48      12.4      1     
   529  042305.2+264112   04 23 05.16   +26 41 12     0.039  0.037     0.055  0.012      13.0   0.5      1.1     0.51     0.56      0.8     0.31     0.37      14.4      1     
   530  042309.8+264442   04 23 09.82   +26 44 42     0.018  0.012     0.001  0.001      21.1   2.6      0.1     0.05     0.12      0.1     0.07     0.23     336.9      1     
   531  042315.2+264410   04 23 15.21   +26 44 10     0.026  0.020     0.003  0.001      18.6   2.3      0.2     0.06     0.10      0.2     0.06     0.12     221.2      1     
   532  042318.6+271446   04 23 18.62   +27 14 46     0.015  0.013     0.002  0.001      16.0   2.0      0.0     0.10     0.13      0.0     0.15     0.23     223.2      1     
   533  042351.0+280950   04 23 51.03   +28 09 50     0.033  0.030     0.018  0.005      13.2   0.8      0.5     0.23     0.28      0.4     0.17     0.22      36.5      1     
   534  042407.6+281821   04 24 07.59   +28 18 21     0.053  0.050     0.046  0.009      15.7   0.7      0.6     0.24     0.26      0.4     0.11     0.13      28.1      1     
   535  042519.5+272715   04 25 19.47   +27 27 15     0.025  0.024     0.064  0.014      11.4   0.5      2.7     1.48     1.53      2.3     1.45     1.53       7.1      1     
   536  042522.2+272645   04 25 22.23   +27 26 45     0.026  0.019     0.016  0.004      14.2   0.8      0.5     0.35     0.63      0.5     0.34     0.80      27.6      1     
